70 110
117 56
37 108
108 80
128 54
143 110
59 110
120 70
31 90
119 79
116 46
36 50
29 65
130 30
91 74
33 98
102 85
29 77
58 91
140 62
76 54
61 103
106 55
89 18
27 52
120 90
138 46
68 85
81 111
22 59
140 77
77 103
21 93
92 54
60 52
14 67
60 73
100 105
149 37
8 109
12 96
89 102
92 92
46 86
117 103
37 60
62 66
151 24
46 55
125 110
17 46
43 72
101 68
85 67
69 66
45 96
52 98
84 54
76 74
131 103
135 93
78 84
145 95
94 67
107 93
46 60
9 73
68 98
141 86
108 63
135 65
85 81
77 93
92 86
52 67
16 8
78 65
108 75
85 88
27 41
44 79
47 65
19 111
61 85
140 99
40 89
55 80
108 68
22 73
68 61
94 102
145 31
68 53
57 61
149 86
51 103
132 42
61 80
73 84
8 61
72 93
21 104
62 61
51 60
10 39
