48 103
23 54
45 90
59 102
36 104
61 76
45 43
42 59
110 12
105 79
47 53
88 63
56 48
27 91
146 37
14 14
39 31
35 47
27 104
128 73
92 98
129 105
117 66
17 63
100 43
140 23
77 94
130 56
129 64
81 99
72 64
150 89
71 43
74 75
23 42
74 82
103 62
146 51
87 43
139 92
9 31
130 86
78 56
82 74
54 92
42 76
149 62
34 55
32 75
94 73
150 102
118 88
69 52
127 40
56 64
107 87
127 95
57 58
91 91
24 75
99 89
90 82
86 51
19 107
56 71
19 94
144 74
33 67
83 86
89 73
140 111
114 50
62 57
8 92
125 35
117 61
116 78
140 67
60 43
35 14
94 55
117 56
102 68
103 96
16 84
89 111
86 91
99 55
151 74
67 89
99 74
136 43
69 72
25 84
97 68
79 42
114 41
77 64
83 57
111 71
94 42
