42 60
37 104
105 79
23 55
48 103
27 91
34 48
88 63
146 37
110 12
61 76
27 104
59 103
45 90
77 94
72 64
131 85
129 105
39 32
71 43
149 61
139 23
56 48
32 75
149 102
150 88
44 44
92 98
22 42
146 51
82 99
117 66
100 43
9 32
14 14
57 58
17 63
47 53
103 97
99 88
129 64
128 73
73 83
131 56
87 43
43 76
75 75
78 56
140 92
119 88
96 55
19 107
127 95
102 62
97 74
55 64
70 52
19 93
116 57
55 92
127 40
147 73
91 90
89 73
140 111
90 82
124 35
55 71
114 41
16 85
35 14
83 87
108 87
67 89
82 74
113 87
86 51
114 49
9 93
33 66
25 84
62 58
89 111
83 57
112 71
79 42
60 43
117 78
141 31
34 53
140 66
92 42
102 67
67 71
102 53
65 52
8 74
77 64
