/* Format: 
 frame_1_idx frame_2_idx 
 num_of_matches 
 frame_1_idx feature_idx frame_2_idx feature_idx */
3 5
185
3 1 5 294
3 2 5 143
3 3 5 25
3 5 5 28
3 6 5 104
3 8 5 22
3 9 5 48
3 10 5 197
3 12 5 146
3 14 5 1
3 15 5 276
3 16 5 214
3 17 5 259
3 18 5 137
3 20 5 59
3 22 5 316
3 27 5 69
3 28 5 44
3 29 5 20
3 30 5 169
3 31 5 275
3 33 5 5
3 35 5 76
3 37 5 281
3 39 5 70
3 42 5 111
3 43 5 7
3 44 5 13
3 45 5 45
3 46 5 129
3 48 5 151
3 54 5 39
3 55 5 458
3 62 5 123
3 63 5 110
3 67 5 8
3 69 5 228
3 71 5 64
3 72 5 9
3 74 5 87
3 75 5 21
3 76 5 79
3 78 5 138
3 79 5 26
3 80 5 242
3 82 5 338
3 87 5 92
3 88 5 104
3 91 5 226
3 93 5 125
3 95 5 2
3 96 5 36
3 97 5 33
3 98 5 207
3 99 5 103
3 103 5 80
3 104 5 49
3 107 5 534
3 108 5 32
3 110 5 218
3 111 5 156
3 113 5 66
3 118 5 95
3 120 5 141
3 122 5 107
3 124 5 240
3 125 5 211
3 126 5 194
3 128 5 74
3 129 5 145
3 130 5 335
3 133 5 174
3 135 5 239
3 140 5 171
3 144 5 102
3 145 5 268
3 146 5 209
3 152 5 542
3 153 5 196
3 155 5 97
3 156 5 279
3 157 5 258
3 158 5 309
3 159 5 61
3 162 5 55
3 163 5 543
3 167 5 168
3 177 5 52
3 178 5 135
3 180 5 83
3 181 5 245
3 182 5 301
3 185 5 88
3 188 5 57
3 191 5 180
3 192 5 230
3 194 5 190
3 195 5 234
3 197 5 303
3 198 5 187
3 205 5 167
3 207 5 97
3 208 5 264
3 210 5 231
3 214 5 202
3 215 5 29
3 216 5 109
3 220 5 43
3 221 5 440
3 223 5 4
3 225 5 241
3 226 5 499
3 229 5 206
3 231 5 37
3 233 5 348
3 235 5 336
3 236 5 41
3 237 5 157
3 242 5 179
3 247 5 34
3 252 5 96
3 255 5 115
3 261 5 150
3 263 5 0
3 264 5 272
3 266 5 492
3 267 5 286
3 271 5 371
3 273 5 106
3 274 5 181
3 275 5 340
3 276 5 495
3 277 5 117
3 281 5 16
3 286 5 208
3 287 5 236
3 296 5 368
3 297 5 308
3 298 5 247
3 301 5 304
3 303 5 429
3 310 5 84
3 312 5 12
3 321 5 350
3 331 5 3
3 333 5 414
3 334 5 27
3 337 5 483
3 338 5 494
3 350 5 279
3 355 5 196
3 356 5 355
3 360 5 426
3 362 5 223
3 363 5 394
3 364 5 235
3 368 5 163
3 374 5 505
3 375 5 393
3 376 5 221
3 378 5 438
3 386 5 427
3 392 5 470
3 397 5 448
3 400 5 379
3 401 5 193
3 404 5 487
3 411 5 506
3 413 5 389
3 415 5 559
3 430 5 525
3 432 5 422
3 434 5 204
3 440 5 560
3 456 5 158
3 463 5 528
3 471 5 193
3 475 5 385
3 487 5 266
3 488 5 266
3 491 5 100
3 493 5 545
3 515 5 254
3 523 5 466
3 529 5 561
