/* Format: 
 frame_1_idx frame_2_idx 
 num_of_matches 
 frame_1_idx feature_idx frame_2_idx feature_idx */
2 3
212
2 1 3 177
2 4 3 145
2 5 3 223
2 6 3 1
2 8 3 309
2 10 3 28
2 11 3 159
2 14 3 214
2 15 3 88
2 16 3 54
2 17 3 204
2 18 3 46
2 20 3 39
2 21 3 349
2 25 3 210
2 27 3 100
2 28 3 277
2 29 3 9
2 30 3 261
2 31 3 72
2 33 3 86
2 36 3 162
2 37 3 75
2 38 3 35
2 39 3 97
2 42 3 10
2 45 3 37
2 46 3 51
2 48 3 76
2 49 3 526
2 50 3 7
2 51 3 163
2 54 3 111
2 56 3 71
2 58 3 42
2 60 3 40
2 61 3 34
2 64 3 191
2 70 3 98
2 73 3 22
2 75 3 239
2 77 3 95
2 79 3 62
2 81 3 43
2 83 3 113
2 87 3 422
2 88 3 27
2 91 3 188
2 92 3 8
2 94 3 153
2 95 3 31
2 96 3 236
2 100 3 199
2 101 3 5
2 103 3 58
2 104 3 15
2 105 3 242
2 106 3 93
2 109 3 20
2 110 3 312
2 115 3 38
2 116 3 74
2 117 3 362
2 118 3 259
2 122 3 217
2 127 3 135
2 128 3 368
2 129 3 355
2 131 3 203
2 133 3 87
2 134 3 271
2 136 3 130
2 137 3 273
2 139 3 185
2 143 3 12
2 144 3 91
2 146 3 52
2 148 3 198
2 149 3 79
2 150 3 152
2 151 3 48
2 153 3 128
2 154 3 301
2 158 3 195
2 160 3 252
2 161 3 124
2 163 3 69
2 165 3 181
2 166 3 434
2 167 3 310
2 168 3 275
2 170 3 36
2 171 3 255
2 172 3 109
2 184 3 82
2 186 3 96
2 187 3 286
2 188 3 216
2 189 3 233
2 191 3 55
2 194 3 219
2 195 3 208
2 197 3 229
2 200 3 136
2 201 3 18
2 202 3 161
2 206 3 125
2 207 3 440
2 208 3 73
2 209 3 194
2 210 3 123
2 211 3 211
2 214 3 129
2 215 3 274
2 217 3 295
2 218 3 165
2 223 3 266
2 225 3 213
2 227 3 139
2 228 3 264
2 230 3 178
2 233 3 137
2 236 3 232
2 239 3 263
2 243 3 305
2 244 3 154
2 245 3 110
2 246 3 296
2 248 3 117
2 249 3 168
2 256 3 411
2 259 3 45
2 260 3 186
2 264 3 118
2 267 3 164
2 274 3 235
2 275 3 267
2 276 3 17
2 279 3 281
2 282 3 221
2 284 3 63
2 286 3 352
2 293 3 456
2 297 3 182
2 299 3 193
2 301 3 251
2 302 3 237
2 308 3 330
2 309 3 253
2 310 3 126
2 312 3 132
2 313 3 379
2 314 3 404
2 318 3 144
2 320 3 288
2 321 3 374
2 322 3 322
2 329 3 392
2 332 3 258
2 338 3 78
2 348 3 248
2 352 3 285
2 355 3 363
2 360 3 359
2 361 3 376
2 362 3 284
2 365 3 178
2 369 3 393
2 373 3 306
2 375 3 480
2 376 3 280
2 378 3 386
2 381 3 278
2 385 3 375
2 387 3 60
2 391 3 421
2 393 3 414
2 401 3 226
2 404 3 209
2 415 3 403
2 416 3 239
2 425 3 417
2 430 3 524
2 434 3 523
2 444 3 176
2 445 3 413
2 450 3 451
2 453 3 337
2 460 3 427
2 462 3 334
2 465 3 364
2 468 3 479
2 470 3 215
2 480 3 127
2 486 3 450
2 488 3 265
2 496 3 432
2 503 3 465
2 505 3 367
2 514 3 525
2 515 3 235
2 518 3 516
2 526 3 529
2 527 3 230
2 529 3 496
2 533 3 303
2 535 3 519
2 540 3 428
2 545 3 445
2 546 3 501
2 564 3 337
2 569 3 175
