/* Format: 
 frame_1_idx frame_2_idx 
 num_of_matches 
 frame_1_idx feature_idx frame_2_idx feature_idx */
1 3
154
1 1 3 14
1 2 3 135
1 3 3 273
1 5 3 133
1 6 3 40
1 8 3 248
1 10 3 96
1 15 3 29
1 16 3 73
1 17 3 15
1 18 3 368
1 20 3 64
1 22 3 43
1 23 3 20
1 25 3 159
1 27 3 309
1 31 3 223
1 32 3 100
1 35 3 86
1 36 3 8
1 37 3 185
1 38 3 331
1 39 3 216
1 44 3 63
1 49 3 181
1 50 3 402
1 51 3 88
1 54 3 5
1 57 3 62
1 58 3 45
1 59 3 226
1 61 3 111
1 62 3 229
1 65 3 162
1 66 3 373
1 67 3 242
1 69 3 93
1 71 3 125
1 81 3 110
1 85 3 183
1 87 3 17
1 90 3 180
1 91 3 28
1 93 3 74
1 98 3 30
1 99 3 46
1 101 3 286
1 102 3 267
1 103 3 122
1 108 3 204
1 109 3 312
1 110 3 18
1 113 3 42
1 116 3 177
1 120 3 152
1 122 3 48
1 124 3 27
1 125 3 235
1 126 3 118
1 127 3 117
1 128 3 213
1 135 3 344
1 145 3 385
1 146 3 120
1 147 3 113
1 152 3 210
1 154 3 94
1 155 3 52
1 159 3 39
1 160 3 128
1 162 3 130
1 164 3 1
1 170 3 76
1 172 3 31
1 173 3 91
1 174 3 236
1 175 3 301
1 178 3 124
1 181 3 274
1 182 3 214
1 183 3 198
1 185 3 9
1 189 3 296
1 190 3 252
1 191 3 82
1 193 3 10
1 196 3 266
1 197 3 194
1 198 3 12
1 200 3 139
1 201 3 36
1 202 3 145
1 204 3 38
1 205 3 271
1 206 3 51
1 208 3 129
1 210 3 259
1 211 3 287
1 216 3 301
1 217 3 182
1 218 3 16
1 219 3 261
1 225 3 202
1 226 3 35
1 228 3 255
1 229 3 99
1 230 3 192
1 232 3 374
1 234 3 237
1 236 3 355
1 237 3 295
1 238 3 87
1 247 3 69
1 254 3 217
1 257 3 281
1 261 3 75
1 269 3 136
1 272 3 330
1 277 3 333
1 278 3 188
1 280 3 275
1 287 3 37
1 293 3 224
1 295 3 253
1 306 3 288
1 311 3 186
1 312 3 376
1 316 3 404
1 319 3 297
1 321 3 337
1 325 3 361
1 326 3 78
1 328 3 392
1 339 3 428
1 345 3 132
1 346 3 164
1 354 3 360
1 358 3 440
1 383 3 150
1 390 3 203
1 391 3 480
1 411 3 417
1 414 3 523
1 417 3 280
1 418 3 451
1 421 3 55
1 432 3 375
1 439 3 58
1 440 3 529
1 457 3 475
1 468 3 178
1 469 3 422
1 478 3 359
1 494 3 494
