/* Format: 
 frame_1_idx frame_2_idx 
 num_of_matches
 frame_1_idx feature_idx frame_2_idx feature_idx */
0 1
129
0 0 1 27
0 3 1 32
0 7 1 64
0 9 1 97
0 12 1 31
0 13 1 49
0 14 1 36
0 17 1 85
0 20 1 167
0 21 1 197
0 22 1 253
0 25 1 28
0 26 1 96
0 29 1 10
0 30 1 117
0 31 1 21
0 32 1 147
0 34 1 192
0 35 1 71
0 41 1 155
0 42 1 202
0 43 1 35
0 44 1 258
0 47 1 333
0 50 1 89
0 55 1 237
0 60 1 44
0 64 1 53
0 65 1 173
0 66 1 70
0 67 1 62
0 68 1 101
0 74 1 39
0 81 1 102
0 84 1 226
0 86 1 107
0 92 1 38
0 97 1 194
0 99 1 69
0 100 1 88
0 104 1 159
0 105 1 314
0 107 1 238
0 110 1 25
0 113 1 103
0 115 1 214
0 116 1 134
0 117 1 143
0 118 1 128
0 119 1 144
0 121 1 80
0 124 1 105
0 127 1 18
0 128 1 33
0 129 1 99
0 136 1 386
0 140 1 218
0 141 1 200
0 143 1 311
0 144 1 152
0 147 1 15
0 148 1 385
0 151 1 146
0 155 1 145
0 156 1 138
0 161 1 113
0 163 1 162
0 169 1 106
0 171 1 164
0 175 1 449
0 177 1 121
0 180 1 47
0 181 1 78
0 182 1 172
0 183 1 57
0 184 1 307
0 187 1 384
0 189 1 339
0 190 1 208
0 191 1 205
0 192 1 157
0 194 1 279
0 197 1 55
0 198 1 24
0 200 1 119
0 204 1 269
0 207 1 220
0 209 1 402
0 214 1 111
0 216 1 326
0 218 1 247
0 221 1 471
0 222 1 201
0 227 1 262
0 232 1 261
0 235 1 95
0 244 1 2
0 245 1 16
0 248 1 310
0 251 1 133
0 254 1 122
0 256 1 160
0 264 1 360
0 279 1 93
0 280 1 141
0 288 1 392
0 294 1 365
0 304 1 263
0 312 1 40
0 321 1 308
0 337 1 316
0 351 1 347
0 356 1 366
0 357 1 277
0 365 1 446
0 367 1 284
0 380 1 321
0 387 1 50
0 394 1 196
0 400 1 58
0 433 1 17
0 437 1 500
0 445 1 475
0 451 1 222
0 461 1 397
0 465 1 299
0 480 1 327
0 483 1 401
0 513 1 440
