48 103
72 64
61 76
45 90
37 104
59 103
42 60
146 37
88 63
27 104
110 12
23 55
39 32
139 23
22 41
104 79
35 47
26 91
32 75
45 43
129 105
78 94
92 98
127 73
129 64
130 56
43 77
149 102
147 51
74 83
150 88
71 43
74 75
55 48
148 61
100 43
116 66
55 64
55 92
14 13
9 32
119 88
87 43
17 63
131 85
47 53
82 99
16 85
70 52
139 111
82 74
139 91
99 88
147 74
94 73
102 62
127 95
78 56
125 35
34 55
32 64
91 91
127 40
111 71
19 107
19 93
96 55
90 82
114 41
61 58
142 84
107 87
103 97
53 72
89 73
83 86
24 75
79 42
60 43
133 73
116 61
89 111
112 87
113 50
116 76
85 51
102 68
35 14
86 91
116 56
43 72
141 31
99 74
67 70
23 80
94 42
56 58
102 53
67 89
61 65
142 74
8 93
8 74
