48 103
37 104
61 76
146 37
88 63
23 55
34 48
105 79
27 91
92 98
27 104
45 90
59 102
39 32
42 60
72 64
47 53
56 48
110 12
82 100
32 75
77 94
100 43
139 23
130 105
23 41
71 43
116 66
149 102
129 64
131 85
149 61
146 51
44 43
130 56
87 43
150 88
128 73
57 58
43 77
13 14
74 75
139 91
102 62
74 82
127 95
78 56
17 63
94 73
55 91
56 64
99 89
103 96
70 52
97 55
9 32
19 107
118 88
90 81
55 71
82 74
16 85
19 94
147 74
108 87
91 90
116 57
125 36
140 111
114 49
24 74
114 41
87 74
127 41
83 57
32 64
113 87
60 43
86 51
83 87
116 78
89 111
62 58
112 103
79 42
93 43
99 74
102 68
34 54
87 68
112 71
67 89
65 52
67 71
35 14
133 73
86 92
25 84
37 25
77 64
43 72
