23 55
45 90
48 103
72 64
61 76
37 104
27 91
146 37
42 60
110 12
104 79
28 104
88 63
59 102
39 32
34 48
92 98
47 53
129 105
147 51
17 63
77 94
32 75
116 66
139 23
100 43
149 61
45 44
149 102
129 64
74 83
43 76
150 88
22 42
103 97
131 86
56 64
71 43
14 14
82 99
127 73
75 75
9 32
102 62
55 48
130 56
70 52
87 43
55 92
19 107
140 92
78 56
57 58
119 88
94 73
127 95
140 111
99 89
96 55
90 82
91 90
147 74
116 57
19 93
126 40
34 55
108 87
9 93
125 35
83 74
83 57
54 72
114 40
60 43
114 50
132 73
62 58
86 51
32 66
83 87
89 111
89 73
67 89
16 85
78 42
116 76
112 71
113 87
102 68
114 45
94 42
99 74
141 31
87 68
33 60
112 103
