/* Format: 
 frame_1_idx frame_2_idx 
 num_of_matches 
 frame_1_idx feature_idx frame_2_idx feature_idx */
14 15
82
14 0 15 59
14 2 15 7
14 5 15 8
14 9 15 93
14 10 15 30
14 11 15 37
14 17 15 79
14 26 15 167
14 30 15 1
14 33 15 73
14 41 15 104
14 44 15 16
14 46 15 95
14 47 15 62
14 54 15 193
14 55 15 271
14 59 15 84
14 61 15 57
14 63 15 147
14 66 15 46
14 69 15 166
14 72 15 91
14 74 15 305
14 79 15 2
14 81 15 113
14 83 15 64
14 84 15 129
14 87 15 207
14 89 15 61
14 97 15 156
14 99 15 83
14 105 15 21
14 107 15 102
14 112 15 165
14 113 15 38
14 114 15 216
14 116 15 168
14 118 15 163
14 121 15 48
14 122 15 283
14 125 15 51
14 127 15 126
14 135 15 22
14 138 15 25
14 142 15 196
14 143 15 66
14 146 15 56
14 152 15 18
14 162 15 186
14 164 15 191
14 170 15 150
14 174 15 190
14 176 15 114
14 178 15 308
14 181 15 218
14 182 15 120
14 183 15 220
14 184 15 115
14 190 15 296
14 193 15 68
14 209 15 177
14 210 15 276
14 212 15 274
14 222 15 346
14 224 15 135
14 236 15 60
14 237 15 31
14 255 15 211
14 257 15 169
14 277 15 183
14 279 15 89
14 292 15 249
14 297 15 266
14 323 15 343
14 339 15 183
14 345 15 285
14 356 15 315
14 360 15 262
14 369 15 326
14 372 15 364
14 383 15 333
14 384 15 224
