90
-5.0 50.0 1.0
-5.0 50.0 2.0
-5.0 50.0 3.0
-5.0 50.0 4.0
-4.0 50.0 5.0
-2.0 50.0 5.0
0.0 50.0 5.0
2.0 50.0 5.0
4.0 50.0 5.0
5.0 50.0 1.0
5.0 50.0 2.0
5.0 50.0 3.0
5.0 50.0 4.0
-4.0 50.0 0.0
-2.0 50.0 0.0
0.0 50.0 0.0
2.0 50.0 0.0
4.0 50.0 0.0
-5.0 70.0 1.0
-5.0 70.0 2.0
-5.0 70.0 3.0
-5.0 70.0 4.0
-4.0 70.0 5.0
-2.0 70.0 5.0
0.0 70.0 5.0
2.0 70.0 5.0
4.0 70.0 5.0
5.0 70.0 1.0
5.0 70.0 2.0
5.0 70.0 3.0
5.0 70.0 4.0
-4.0 70.0 0.0
-2.0 70.0 0.0
0.0 70.0 0.0
2.0 70.0 0.0
4.0 70.0 0.0
-5.0 90.0 1.0
-5.0 90.0 2.0
-5.0 90.0 3.0
-5.0 90.0 4.0
-4.0 90.0 5.0
-2.0 90.0 5.0
0.0 90.0 5.0
2.0 90.0 5.0
4.0 90.0 5.0
5.0 90.0 1.0
5.0 90.0 2.0
5.0 90.0 3.0
5.0 90.0 4.0
-4.0 90.0 0.0
-2.0 90.0 0.0
0.0 90.0 0.0
2.0 90.0 0.0
4.0 90.0 0.0
-5.0 110.0 1.0
-5.0 110.0 2.0
-5.0 110.0 3.0
-5.0 110.0 4.0
-4.0 110.0 5.0
-2.0 110.0 5.0
0.0 110.0 5.0
2.0 110.0 5.0
4.0 110.0 5.0
5.0 110.0 1.0
5.0 110.0 2.0
5.0 110.0 3.0
5.0 110.0 4.0
-4.0 110.0 0.0
-2.0 110.0 0.0
0.0 110.0 0.0
2.0 110.0 0.0
4.0 110.0 0.0
-5.0 130.0 1.0
-5.0 130.0 2.0
-5.0 130.0 3.0
-5.0 130.0 4.0
-4.0 130.0 5.0
-2.0 130.0 5.0
0.0 130.0 5.0
2.0 130.0 5.0
4.0 130.0 5.0
5.0 130.0 1.0
5.0 130.0 2.0
5.0 130.0 3.0
5.0 130.0 4.0
-4.0 130.0 0.0
-2.0 130.0 0.0
0.0 130.0 0.0
2.0 130.0 0.0
4.0 130.0 0.0
