124 73
51 21
70 79
45 107
37 56
27 57
102 48
139 78
122 40
28 44
91 25
74 23
79 82
67 60
145 85
60 77
128 23
47 87
10 15
78 95
67 71
42 23
28 79
81 74
35 31
70 42
35 67
9 102
44 64
114 70
90 76
83 64
110 62
113 43
98 67
119 84
51 30
106 27
113 19
80 36
86 44
145 44
42 36
101 80
119 59
97 40
8 59
102 99
138 63
62 89
24 98
150 13
123 100
139 15
37 88
141 110
49 74
128 61
149 68
121 31
145 53
16 86
56 54
10 70
94 57
55 41
131 82
138 47
28 37
10 50
38 73
66 33
130 51
23 15
140 34
25 70
119 51
61 34
134 102
31 92
64 94
77 55
16 58
102 35
90 37
103 60
148 75
38 45
21 22
48 55
137 90
111 75
74 68
120 109
60 26
107 40
71 53
89 57
65 21
58 68
49 45
11 87
85 36
125 51
69 47
83 52
23 36
133 42
97 35
111 55
94 85
74 35
17 42
115 97
61 52
