70 79
45 107
51 21
124 73
37 56
102 48
60 77
79 82
122 40
42 23
27 57
28 44
47 87
139 78
78 95
74 23
145 85
91 25
83 64
24 97
150 13
27 79
35 31
10 15
67 60
70 42
67 71
98 66
82 74
145 53
128 23
119 84
51 30
44 65
9 102
110 62
35 67
105 27
113 43
90 76
123 100
10 70
145 43
114 70
55 41
86 44
102 99
16 86
8 59
80 36
96 40
119 59
42 36
100 79
138 15
149 68
23 15
63 89
131 82
138 63
141 109
38 73
10 50
56 54
29 37
127 60
94 57
37 88
121 31
25 70
103 60
137 47
129 50
49 74
37 45
140 34
65 33
77 54
134 102
137 91
86 56
119 50
65 22
148 75
60 34
89 35
49 55
70 33
21 22
64 94
108 74
17 42
120 109
102 35
71 53
106 40
17 58
32 92
75 68
134 73
69 47
11 87
111 55
114 19
23 37
115 98
57 68
37 83
48 45
132 62
116 29
