70 110
37 108
128 54
31 90
59 110
108 80
92 92
143 110
118 55
120 90
120 70
119 79
61 103
37 60
27 52
100 105
89 18
91 74
33 98
21 93
92 53
29 65
140 62
102 85
116 46
139 46
81 111
60 73
68 85
130 30
140 77
101 68
58 91
77 93
36 50
77 103
12 96
8 110
14 67
29 77
89 102
43 72
61 52
17 46
108 63
77 53
46 86
62 65
118 104
149 37
107 55
76 74
22 59
125 110
69 66
85 68
45 55
141 86
52 98
46 60
146 95
15 57
151 24
92 62
135 65
131 103
91 110
47 65
45 97
135 93
52 65
27 39
108 75
132 42
61 85
107 92
78 85
85 81
30 17
68 98
75 62
85 87
10 73
43 78
16 9
21 104
19 111
140 99
68 61
69 53
92 85
145 31
51 103
72 103
108 68
68 93
50 51
94 67
10 39
85 53
149 86
73 85
94 102
22 26
85 61
36 78
55 80
113 89
46 107
130 85
57 65
40 89
