124 73
37 56
42 23
67 60
28 44
51 21
45 107
70 79
122 40
27 57
102 48
47 87
79 82
145 85
10 15
35 67
83 64
60 77
98 66
70 42
91 25
28 79
78 95
81 74
41 36
67 71
74 23
145 43
90 75
138 78
86 45
110 61
128 23
119 85
102 99
9 102
106 27
56 54
34 31
55 41
51 30
113 43
114 70
28 37
138 15
9 71
119 58
62 89
145 53
96 40
129 50
150 12
24 97
44 65
11 51
140 109
137 63
128 61
101 80
80 36
8 59
15 86
123 100
121 31
149 68
137 47
37 89
93 57
64 94
21 22
25 70
131 83
111 75
61 34
140 34
103 60
74 68
77 54
17 42
49 74
86 56
90 37
102 35
33 18
134 102
22 15
58 68
119 50
39 73
106 40
136 90
60 28
49 55
133 42
113 36
111 55
17 58
69 33
31 91
85 32
37 45
16 110
115 97
64 22
71 52
74 35
69 47
124 48
120 109
23 37
145 19
