48 103
45 90
146 37
23 54
37 104
59 102
110 12
27 91
61 76
72 64
34 47
104 79
27 104
45 43
56 48
88 63
100 43
129 105
150 89
14 14
78 94
74 82
47 53
42 59
140 23
147 51
127 73
92 98
43 77
23 41
139 92
32 75
117 66
99 88
130 56
129 64
9 31
16 63
87 43
149 102
127 95
55 92
74 75
81 99
149 61
78 56
82 74
130 86
71 42
102 62
118 88
90 73
70 52
57 58
55 64
19 94
140 110
39 32
127 40
116 57
124 35
91 90
96 55
56 71
144 74
111 71
98 74
114 50
103 96
24 74
62 58
90 85
83 87
60 43
16 84
19 107
132 73
112 87
34 55
86 51
38 27
67 89
43 72
114 41
116 78
109 101
140 67
83 57
101 68
61 65
107 87
33 67
77 42
67 71
92 42
89 111
10 73
151 74
86 92
102 53
77 64
25 84
