48 103
37 104
146 37
88 63
45 90
92 98
110 12
27 104
61 76
59 103
39 32
104 79
23 55
72 64
42 60
47 53
27 91
34 47
100 43
78 94
32 75
129 105
116 66
45 43
139 23
147 51
149 61
82 100
129 64
14 14
23 41
128 73
74 82
55 64
43 76
71 43
149 102
150 89
119 88
56 48
17 63
130 56
103 62
87 43
74 75
131 85
9 31
127 95
139 91
16 85
70 52
140 110
55 91
103 96
78 56
57 58
19 107
94 73
82 74
99 88
91 90
90 81
147 73
19 93
96 55
126 40
114 50
108 87
62 58
56 69
116 57
86 51
125 35
32 64
113 41
116 78
83 57
83 86
79 42
87 74
111 71
89 111
24 75
133 73
60 43
34 54
102 53
99 74
113 87
86 91
102 68
67 89
93 42
67 71
8 93
141 31
142 74
77 64
