48 103
23 55
61 76
59 103
72 64
88 63
45 90
110 12
35 47
37 104
27 104
146 37
130 105
92 98
22 41
26 91
42 60
104 79
127 73
150 88
100 43
47 53
77 94
82 99
149 102
148 61
139 23
9 32
147 51
103 97
43 77
74 83
38 31
13 15
45 43
71 43
74 75
129 64
55 48
32 76
55 64
130 56
127 95
119 88
103 62
131 86
96 55
140 111
94 73
57 58
87 43
78 56
55 92
99 88
116 66
19 107
70 52
147 74
91 90
82 74
53 72
114 40
140 91
19 93
90 81
114 50
143 84
126 41
116 60
16 85
24 75
83 87
125 35
111 71
17 63
116 76
67 89
60 43
113 87
32 64
107 87
79 42
89 73
34 55
62 57
9 93
85 51
35 14
89 111
102 68
133 73
61 65
8 74
141 31
83 57
114 45
140 66
67 70
95 42
109 56
49 8
77 64
114 55
24 81
112 103
