
Camera 1 cal1
9x7
[image]

width
640

height
480

[narrow_stereo]

camera matrix
343.555173 0.000000 295.979699
0.000000 327.221818 261.530851
0.000000 0.000000 1.000000

distortion
-0.305247 0.064438 -0.007641 0.006581 0.000000

rectification
1.000000 0.000000 0.000000
0.000000 1.000000 0.000000
0.000000 0.000000 1.000000

projection
235.686951 0.000000 304.638818 0.000000
0.000000 256.651520 265.858792 0.000000
0.000000 0.000000 1.000000 0.000000

Camera 1 cal2
9x7
[image]

width
640

height
480

[narrow_stereo]

camera matrix
333.383915 0.000000 303.574395
0.000000 314.669739 247.635818
0.000000 0.000000 1.000000

distortion
-0.282548 0.054412 -0.001882 0.004796 0.000000

rectification
1.000000 0.000000 0.000000
0.000000 1.000000 0.000000
0.000000 0.000000 1.000000

projection
226.994629 0.000000 311.982613 0.000000
0.000000 245.874146 250.410089 0.000000
0.000000 0.000000 1.000000 0.000000

Camera 1 cal3
[image]

width
640

height
480

[narrow_stereo]

camera matrix
347.820593 0.000000 295.717950
0.000000 329.096945 222.964889
0.000000 0.000000 1.000000

distortion
-0.284322 0.055723 0.006772 0.005264 0.000000

rectification
1.000000 0.000000 0.000000
0.000000 1.000000 0.000000
0.000000 0.000000 1.000000

projection
240.446564 0.000000 302.423680 0.000000
0.000000 265.140778 221.096494 0.000000
0.000000 0.000000 1.000000 0.000000

Camera 1 cal4
camera matrix
384.768827 0.000000 293.450481
0.000000 365.994262 269.045187
0.000000 0.000000 1.000000

distortion
-0.350338 0.086711 -0.006112 0.013082 0.000000

rectification
1.000000 0.000000 0.000000
0.000000 1.000000 0.000000
0.000000 0.000000 1.000000

projection
264.599335 0.000000 314.096011 0.000000
0.000000 293.920990 279.148239 0.000000
0.000000 0.000000 1.000000 0.000000


Camera 2 cal1
Second Camera
[image]

width
640

height
480

[narrow_stereo]

camera matrix
268.215742 0.000000 315.441570
0.000000 252.557684 244.870220
0.000000 0.000000 1.000000

distortion
0.124692 -0.096829 -0.002653 -0.003239 0.000000

rectification
1.000000 0.000000 0.000000
0.000000 1.000000 0.000000
0.000000 0.000000 1.000000

projection
6149.294434 0.000000 7142.223547 0.000000
0.000000 -4992.277832 -0.034131 0.000000
0.000000 0.000000 1.000000 0.000000


Camera 2 cal2
camera matrix
262.240926 0.000000 324.576931
0.000000 248.458761 248.708287
0.000000 0.000000 1.000000

distortion
0.131319 -0.099499 0.000199 -0.003023 0.000000

rectification
1.000000 0.000000 0.000000
0.000000 1.000000 0.000000
0.000000 0.000000 1.000000

projection
-3591.699951 0.000000 18.384417 0.000000
0.000000 -180.014236 -173.151101 0.000000
0.000000 0.000000 1.000000 0.000000






