124 73
45 107
28 44
51 21
102 48
70 79
37 56
10 15
80 82
122 40
145 85
145 53
42 23
27 57
47 87
67 60
139 78
67 71
60 77
70 42
78 95
128 23
90 76
91 25
27 79
35 31
9 102
98 67
44 64
75 23
82 74
119 84
35 67
105 27
51 30
113 43
114 70
16 86
55 41
80 36
145 43
83 64
141 109
41 36
24 97
102 99
8 59
86 45
150 12
138 15
10 70
123 100
97 40
119 58
10 50
101 80
110 61
56 54
28 37
38 73
63 89
121 31
131 82
128 60
103 60
150 68
38 45
137 62
64 94
65 33
129 51
94 57
22 14
49 74
25 70
37 88
107 40
140 34
119 50
137 47
90 37
111 18
77 54
102 35
21 22
111 75
48 55
134 102
137 91
71 53
148 74
58 68
32 92
60 34
17 58
86 56
11 87
18 42
37 83
145 20
142 63
70 32
67 48
74 68
60 28
85 32
133 42
134 73
66 21
111 55
34 19
