37 56
51 21
124 73
102 48
67 60
122 40
69 80
45 107
27 57
28 44
91 25
42 23
145 85
47 87
60 77
128 23
79 83
83 64
10 15
35 67
98 67
52 30
74 23
139 78
67 71
114 70
70 42
78 95
27 79
137 63
44 65
145 44
102 99
9 102
119 85
90 76
35 30
110 62
80 36
55 41
113 44
56 54
82 75
41 36
24 98
140 110
86 45
149 69
123 99
105 27
100 79
139 15
150 13
119 59
8 59
138 47
49 74
96 40
10 50
63 89
130 51
127 60
38 73
29 37
131 82
37 89
16 86
103 60
23 15
10 71
121 31
145 53
90 37
25 70
94 57
60 34
113 19
134 102
77 54
120 109
119 50
65 34
11 87
137 91
111 75
64 94
21 22
140 34
37 45
31 91
102 35
75 68
149 74
17 58
70 33
58 68
71 53
115 98
23 36
65 22
111 55
17 42
86 56
116 29
60 28
33 18
113 37
49 55
125 51
108 42
66 50
133 42
61 52
134 74
82 51
142 64
