70 79
80 82
139 78
124 73
45 107
60 77
102 48
70 42
10 15
81 74
51 21
122 40
74 23
67 71
146 85
129 23
91 25
28 79
26 57
47 87
90 76
37 55
9 102
78 95
35 67
150 13
44 64
35 30
28 44
51 29
119 84
24 97
83 64
42 23
56 40
105 27
114 70
98 66
57 53
123 100
145 43
119 50
42 35
10 70
102 99
67 60
11 50
113 43
8 59
138 15
101 80
130 51
63 89
97 40
145 53
86 44
149 68
49 73
141 110
16 86
138 63
131 82
94 57
110 61
118 58
80 36
128 61
65 33
121 31
140 34
37 83
103 59
24 36
77 55
37 45
38 73
46 55
59 68
138 47
23 15
31 91
70 33
134 102
137 91
25 70
75 68
11 87
102 35
107 40
21 21
111 75
60 34
65 21
16 58
90 37
37 88
85 32
64 94
29 36
33 17
71 53
83 55
120 109
38 78
123 60
116 29
148 74
60 28
94 50
125 48
51 54
115 97
114 18
97 34
89 57
17 42
113 36
