70 79
124 73
80 82
145 85
37 56
45 107
43 23
51 21
28 44
102 48
139 78
67 60
60 77
27 57
91 25
70 42
47 87
10 15
78 95
83 64
9 102
28 79
122 40
129 23
24 97
137 63
75 23
35 30
145 44
90 76
35 67
44 64
82 74
119 84
97 40
98 67
67 71
11 50
102 99
114 70
8 59
113 43
52 30
105 27
150 13
23 15
41 36
149 68
80 36
110 62
123 100
141 110
16 86
56 54
10 71
63 89
101 80
127 60
86 44
38 73
55 41
29 37
103 60
119 59
129 51
119 51
121 31
138 47
138 16
65 33
49 74
131 82
25 70
134 101
90 37
37 88
120 109
60 34
70 33
93 57
149 75
145 55
65 22
77 54
141 34
71 53
111 75
11 87
16 58
64 94
102 35
116 29
137 91
49 55
32 92
75 68
115 98
106 40
115 19
58 68
60 28
86 56
37 83
133 42
49 45
21 21
145 20
37 45
61 52
142 64
