164 measurements

part of repeat texture and full plane repeat texture
3,19
- 6,31
 - 7,15
13,28
14,31
- 15,31
- 15,47
20,28
20,36
27,43
29,36
29,38
29,45-*
34,42-*
35,43
35,44-mirror
36,44
36,45


- 22,46 - full plane repeat texture
19,42 - light


3,26
4,13
4,20
5,21
5,45
6,31
7,23
10,18
10,19
11,19
11,43
12,27
12,45
13,36
18,43
19,27
19,35
- 19,42
19,44
21,29
23,47
28,37
28,44

New:

0,8 1/30
0,24 1
0,25 2
1,9 1
1,25  1
5,12 1
5,28 - 5
5,29 5
5,36 1
6,29 2
7,30 2
7,38 1
9,25 1
12,28 5
12,29 1
15,47 1
24,33
37,44 3
