22 59
36 108
31 90
142 111
127 55
20 93
36 50
14 67
89 19
80 111
27 52
108 81
116 47
69 111
119 80
149 38
107 55
117 104
44 87
60 53
140 63
33 98
139 47
57 91
100 86
77 54
20 79
78 67
90 93
120 70
117 56
93 54
91 75
68 66
143 87
85 67
74 74
8 109
135 94
130 31
117 90
27 37
106 93
58 110
17 46
129 86
88 103
29 65
37 60
59 103
139 78
107 64
124 111
84 87
59 61
57 73
36 77
75 93
50 101
52 65
8 73
68 84
62 66
107 72
151 26
48 51
99 69
45 56
94 68
72 104
144 96
85 53
103 105
83 103
43 78
131 104
78 87
69 53
47 65
17 8
28 78
92 86
134 70
131 44
24 102
93 103
12 95
43 71
55 80
50 84
68 98
76 60
84 93
44 96
10 38
92 81
74 79
8 86
98 104
60 80
36 65
64 103
13 57
57 66
18 111
