108 81
31 90
57 91
142 111
36 108
128 55
22 59
76 54
116 47
14 67
91 75
36 50
20 93
119 81
27 52
140 63
106 93
117 104
138 47
149 38
143 87
100 86
136 79
89 19
90 93
59 110
94 68
60 53
69 110
33 98
117 90
117 57
84 103
80 111
85 67
107 55
29 65
135 94
46 55
74 74
131 31
92 103
62 66
78 67
120 71
108 72
84 87
85 53
60 103
68 53
36 77
52 65
75 93
17 46
8 109
20 79
28 77
151 26
68 85
50 84
124 111
58 73
43 87
131 104
92 54
68 66
132 44
46 60
99 105
144 97
50 101
12 95
43 72
46 65
37 60
92 86
129 86
107 64
61 85
9 72
43 78
72 103
24 103
60 61
55 80
135 66
76 80
99 68
139 38
57 66
73 66
18 111
141 78
97 54
27 38
10 38
107 104
76 60
79 87
13 56
92 81
144 92
68 98
135 71
