119 80
31 90
36 108
117 56
26 52
120 70
127 55
108 81
14 67
20 93
22 59
100 86
77 53
29 65
116 47
89 19
32 98
69 110
59 61
78 66
140 63
119 90
44 87
106 92
68 66
142 111
138 47
106 55
57 91
80 111
36 50
90 93
130 30
36 61
75 74
61 53
124 111
134 93
90 74
117 104
90 54
60 103
59 110
149 37
57 73
137 78
84 87
107 64
76 93
151 25
51 65
144 87
144 96
8 86
88 103
86 67
99 106
45 56
36 77
8 109
67 85
100 69
108 72
50 84
50 101
28 78
16 45
72 104
77 86
34 22
42 78
90 62
83 103
134 70
69 52
43 71
131 43
131 103
20 80
93 103
61 66
67 99
44 96
27 39
24 103
96 54
129 86
84 98
56 66
55 80
100 97
9 73
84 93
135 65
60 80
49 51
18 111
74 79
91 81
71 93
45 66
107 104
45 61
47 78
149 87
77 104
