31 90
119 80
108 81
36 108
116 47
57 91
21 93
27 52
36 50
127 55
17 46
77 54
70 110
91 75
100 86
80 111
89 18
14 67
142 111
143 87
33 98
139 47
59 110
29 65
60 53
120 70
78 67
140 63
131 30
22 59
93 54
90 93
106 55
117 56
117 104
119 90
149 38
43 87
86 67
84 103
74 74
68 66
8 109
106 92
75 93
124 111
60 103
62 66
48 51
151 25
140 78
59 61
37 61
36 77
58 73
46 60
108 72
134 93
84 88
28 76
50 101
107 64
43 72
144 96
68 53
92 103
52 66
68 84
99 105
9 73
50 84
99 68
76 81
27 38
75 104
46 65
131 104
62 85
86 53
94 65
44 78
129 86
24 103
55 80
34 23
45 96
8 86
135 70
12 95
18 111
131 43
68 98
92 81
107 104
135 79
76 61
89 86
8 60
150 48
57 66
92 60
94 86
145 101
