70 110
119 80
31 90
36 50
36 108
59 110
81 111
117 56
33 98
21 93
108 81
62 66
89 19
127 55
76 54
68 85
116 47
57 91
14 67
85 67
142 110
131 30
120 70
9 73
60 53
117 103
60 103
27 52
91 75
29 77
106 55
92 92
138 47
119 90
92 54
68 98
29 65
101 86
131 103
69 66
150 37
43 71
124 111
59 73
145 96
99 104
143 86
139 63
37 60
46 55
17 46
106 92
134 93
76 62
138 78
94 66
108 72
108 64
88 102
21 59
76 74
46 60
151 25
78 85
76 103
8 109
84 53
43 78
85 81
15 57
61 85
52 65
44 87
50 84
76 93
99 68
45 96
93 86
12 96
55 80
78 67
69 53
51 101
107 104
24 103
47 65
88 86
18 111
131 42
36 77
57 61
73 85
139 100
78 80
