23 55
48 103
61 76
34 48
59 103
45 91
37 104
72 64
22 42
92 98
88 63
105 79
82 100
150 88
42 60
146 37
26 91
109 12
27 104
149 102
103 62
77 94
127 73
39 32
100 43
148 61
74 75
43 76
71 43
139 23
129 64
129 105
131 85
147 51
55 48
130 56
74 83
55 64
9 32
119 88
102 53
116 66
16 85
44 44
55 92
32 74
78 56
13 14
139 91
127 95
140 111
70 52
94 73
34 56
91 91
57 58
87 43
99 89
90 81
147 74
19 98
114 50
17 63
125 35
9 93
126 40
94 55
114 40
47 53
53 72
83 74
116 76
62 58
79 42
89 73
116 61
140 67
112 71
107 87
83 57
103 96
85 51
83 87
112 87
143 84
67 89
19 93
19 108
67 70
132 73
114 55
61 65
93 43
114 45
141 31
89 111
8 74
102 68
75 51
90 86
86 92
65 52
60 43
78 69
99 74
24 77
142 74
77 64
