48 103
105 79
23 54
59 102
45 90
35 47
36 104
110 12
89 63
42 59
27 91
61 76
45 43
56 48
27 103
129 105
39 33
72 64
23 41
117 66
9 31
47 53
82 100
103 62
146 37
130 56
140 23
77 94
100 43
87 43
92 98
129 64
74 82
128 73
130 86
150 89
139 92
54 92
17 63
14 13
146 52
78 56
74 75
103 53
149 62
72 43
90 73
103 97
149 102
56 64
91 90
34 55
43 76
19 107
125 36
117 88
82 74
140 109
114 50
90 82
32 74
20 97
127 95
98 73
9 92
86 51
55 71
100 89
116 77
17 84
62 57
147 74
96 55
127 41
117 60
69 52
33 67
83 86
114 41
24 74
83 57
140 67
108 88
25 83
49 8
89 111
8 74
86 91
60 43
77 64
114 55
67 89
69 72
57 59
61 64
112 71
43 71
102 67
87 68
133 74
95 42
59 82
35 11
