image 160*120
feature point (u,v)
descriptor 256

left

feature point 1
88 63
descriptor 1
0.012212 0.020451 -0.034939 0.094390 0.055316 -0.055586 -0.055771 0.037757 0.039849 -0.012415 -0.127637 -0.081729 0.033828 -0.070113 -0.025085 -0.035017 -0.013838 -0.046247 0.026266 0.067451 0.006911 -0.013584 0.096108 0.016617 -0.035346 0.005939 0.064427 -0.010158 -0.034480 -0.013701 -0.084987 -0.020158 -0.075971 -0.042554 0.045640 0.019819 -0.115172 0.103331 0.051989 -0.024914 0.002551 -0.143441 0.132592 0.091482 -0.032882 -0.052795 0.038281 0.033139 -0.045765 0.022602 -0.018339 0.016091 0.050047 -0.021460 0.016795 -0.047422 -0.020644 0.069286 0.016417 -0.077282 0.019946 0.032244 -0.006971 0.048810 0.194874 -0.028678 0.017975 0.141417 -0.043930 -0.061351 0.010452 0.041679 -0.077937 -0.082407 0.005359 -0.100100 0.079315 -0.058434 0.100929 -0.018767 -0.015156 0.041750 -0.014757 0.093656 -0.079856 -0.107160 -0.002128 -0.060842 -0.157686 0.132209 0.081792 0.042486 -0.011864 -0.057965 -0.016401 0.035990 -0.046095 0.066830 -0.030103 -0.039243 -0.044419 0.026560 0.023218 -0.048045 -0.013773 -0.035074 0.125624 -0.076706 0.148729 -0.003194 0.042177 -0.107281 0.021256 -0.041645 -0.084588 0.034892 0.051352 -0.052886 -0.015239 -0.091731 0.114272 -0.001454 0.039110 0.063581 0.016987 0.112462 -0.008461 0.040863 -0.098795 -0.028686 0.094152 0.025998 0.036096 -0.029211 -0.061609 0.029523 -0.121851 -0.054263 0.011774 -0.073495 0.045850 -0.014868 -0.040931 -0.033050 -0.069684 0.032917 0.077577 0.033020 0.034328 -0.047178 0.019588 0.073172 -0.058520 0.083341 -0.040951 -0.019828 0.096550 -0.004107 -0.047340 -0.003699 -0.001055 -0.123303 -0.007802 0.024275 -0.058359 0.000582 -0.063201 -0.055936 0.169654 0.001745 0.012271 -0.074742 -0.084124 0.000134 -0.109252 -0.077101 0.002209 0.132294 -0.055163 0.055094 0.046004 -0.000046 0.001049 -0.002824 -0.014420 0.025942 0.026135 0.029270 -0.020689 0.123849 -0.009113 0.005482 0.011626 -0.052910 -0.072253 -0.060217 0.009846 0.038521 0.092313 0.026027 -0.097461 0.005840 0.034261 0.072795 -0.012990 0.026919 0.021092 0.025458 -0.036617 0.027107 -0.070148 -0.010246 -0.074761 0.019606 0.100602 -0.021333 0.063070 0.063902 0.157275 -0.041207 0.073691 0.029920 -0.038111 -0.029493 -0.012824 0.019089 -0.089326 -0.128783 0.036222 -0.047249 0.054746 0.041453 0.068236 0.015219 -0.021288 0.044811 -0.029810 0.006070 -0.060241 0.027009 -0.097341 0.112367 0.066750 0.032346 0.035367 -0.007101 -0.064223 0.123701 -0.044364 -0.009311 0.103177 -0.072641 0.026048 -0.136611 -0.002574 -0.009095

feature point 2
72 64
descriptor 2
-0.033259 -0.021588 -0.066758 0.146533 0.052863 -0.066719 -0.030902 0.048161 0.058361 -0.036846 -0.084331 -0.085608 -0.015855 -0.090527 0.005641 -0.057327 -0.007534 -0.031510 0.037973 0.062408 0.017318 0.064063 0.120693 -0.046292 -0.016727 0.025359 0.096329 -0.041903 -0.024036 -0.010621 -0.034838 -0.029678 -0.084086 -0.086275 0.043274 -0.025029 -0.102064 0.070912 0.076516 -0.031698 0.008505 -0.099861 0.133609 0.091816 -0.055178 -0.022664 0.071991 0.082890 -0.005012 0.026353 -0.010786 0.007795 0.057922 -0.015776 0.034512 -0.053889 -0.009898 0.054640 -0.007616 -0.105329 0.047596 0.032489 0.014276 0.005750 0.168472 -0.000474 0.045374 0.148298 -0.051970 0.011303 0.034551 0.007180 -0.052302 -0.099158 0.015433 -0.069736 0.050009 -0.038461 0.070287 -0.052430 -0.052915 0.024122 -0.014915 0.107941 -0.092695 -0.159020 0.001539 -0.001639 -0.148639 0.170776 0.105891 0.029408 -0.012604 -0.057099 0.033090 0.016471 -0.072560 0.084012 0.003199 -0.037431 -0.004575 0.030477 0.069785 -0.019827 0.017784 -0.054424 0.115798 -0.035644 0.195720 0.029060 -0.044991 -0.061684 -0.056971 -0.019699 -0.069211 0.077243 0.069262 -0.074137 -0.049532 -0.084119 0.077181 -0.052746 0.055588 0.028990 0.029058 0.084697 -0.034224 0.011561 -0.066909 0.004605 0.041375 0.036123 0.022845 0.010256 -0.087246 0.070744 -0.105721 -0.053006 0.000104 -0.019406 -0.004790 0.012242 -0.082821 0.017122 -0.039796 0.042250 0.031863 0.006045 0.046720 -0.013951 0.016221 0.038136 -0.002502 0.073917 -0.019592 0.022274 0.066594 -0.029937 -0.094621 0.017056 -0.012318 -0.056018 -0.000066 0.031642 -0.048437 0.023736 -0.055249 -0.058685 0.112719 -0.001289 0.034709 -0.024076 -0.045835 0.018050 -0.060266 -0.033770 0.010443 0.085874 -0.101009 0.080794 0.052335 0.022671 -0.018303 0.004930 -0.006043 0.045051 0.019143 0.020219 -0.030269 0.127043 -0.024528 -0.064824 -0.040614 -0.046059 -0.093029 -0.032911 -0.006977 0.055341 0.095800 0.061835 -0.085550 -0.035584 0.050601 0.069103 0.005578 -0.012082 0.071213 0.009814 -0.029551 0.033204 -0.030491 0.017794 -0.096988 0.027411 0.072223 -0.059701 0.069039 0.047680 0.136595 -0.017144 0.113523 0.037117 -0.015910 -0.082316 0.000642 -0.026788 -0.089777 -0.141663 0.001891 -0.014120 0.053913 0.009021 0.108159 0.042966 0.024131 0.027341 -0.078442 0.002204 -0.021854 0.012447 -0.099497 0.106355 0.056129 0.024813 0.023880 0.028459 -0.093158 0.152211 -0.067517 -0.053963 0.114530 -0.030285 0.024343 -0.111138 0.008037 0.048664

feature point 3
61 76
descriptor 3
-0.097913 -0.081169 0.019134 0.127005 0.073527 -0.001306 0.049867 0.063316 0.048140 0.023970 -0.068549 -0.009782 -0.151955 -0.005700 0.028026 -0.067608 0.024051 0.050427 0.063727 0.064341 0.032311 0.099754 0.017594 0.048486 -0.027824 -0.021423 0.062647 -0.065902 -0.029794 -0.041620 0.079603 -0.035399 -0.047290 -0.098428 0.045323 0.039799 -0.025442 -0.084769 0.021891 -0.055869 -0.029562 -0.040365 0.097001 0.048004 -0.037749 0.023912 0.058735 -0.023772 0.048701 -0.013801 0.082709 -0.010848 -0.070822 -0.050564 0.018450 -0.057040 0.067493 0.146339 0.079956 -0.013982 0.049197 0.075860 -0.035470 -0.078311 0.029244 -0.062823 0.051173 0.018095 -0.112583 -0.011913 0.049282 0.009069 -0.022365 -0.093859 0.017342 -0.018132 0.025468 0.008457 0.048268 -0.045314 0.032744 -0.079915 0.003754 0.082191 -0.019743 -0.109581 0.016825 0.082582 -0.087071 0.046896 0.087457 -0.078189 -0.004691 -0.018909 0.086310 -0.039041 -0.093541 0.049601 0.065231 -0.013733 -0.039242 0.092460 0.028027 0.039388 0.060617 0.015490 0.022348 0.062052 0.069733 0.059581 -0.108659 0.050358 -0.139770 -0.028858 0.043801 0.090789 -0.054773 -0.066607 -0.005208 -0.005968 0.078649 -0.035973 0.065504 -0.030179 -0.023761 -0.068745 0.006447 -0.095108 -0.064730 0.079463 -0.051580 0.032932 0.059501 0.033286 -0.061313 0.062017 -0.011265 -0.045262 -0.043413 -0.009910 -0.073883 0.085807 -0.182797 0.027683 0.109157 0.003457 -0.026066 0.035575 0.031826 -0.077423 0.068302 -0.011195 0.049238 0.013126 -0.025656 0.091237 0.041694 0.004897 -0.142284 0.018147 0.003706 0.072290 -0.012266 0.133481 -0.003590 0.074595 0.024564 -0.016669 0.066211 -0.035473 0.007980 0.028049 -0.034479 0.011747 -0.018313 0.033691 -0.002088 0.108993 -0.094015 -0.037599 0.015501 0.028426 -0.069620 0.041803 -0.069158 0.068548 -0.071690 0.012893 -0.103245 -0.027383 0.091326 -0.109674 -0.045784 -0.102277 -0.080342 0.025532 -0.027390 0.098565 0.003660 0.081741 -0.007528 -0.095655 0.005484 -0.010291 -0.088847 -0.078306 0.061060 -0.005894 -0.030451 0.023164 0.045178 -0.007966 -0.128361 0.009340 -0.007701 0.017835 0.034745 0.065337 0.096706 0.104980 0.118783 -0.058432 -0.004426 0.008739 0.039643 -0.093329 0.032204 -0.050315 0.068075 0.137106 -0.019784 -0.131934 0.035312 0.100289 -0.022999 -0.069215 -0.034166 -0.017555 0.014651 0.054904 -0.053536 0.051602 0.003880 0.083294 0.016548 0.103113 -0.051263 0.049019 -0.073751 -0.025358 0.144380 0.003708 0.026919 -0.068109 -0.074269 0.080447

feature point 4
82 99
descriptor 4
-0.020757 -0.049094 -0.044501 0.084183 0.043523 -0.104026 -0.040951 -0.045928 -0.015295 -0.031030 -0.026902 0.096606 0.111390 0.003198 -0.019094 0.068273 0.066273 0.083171 -0.073996 -0.008470 0.046537 0.031132 -0.094534 0.001833 0.052139 0.035773 0.041635 0.087779 0.011345 0.015949 -0.014776 -0.038866 -0.132505 0.069928 0.045816 -0.134404 -0.029212 0.017231 -0.105994 -0.087898 -0.029514 0.059565 0.030427 0.050158 0.136397 0.038859 0.044823 -0.048539 -0.012782 -0.000289 0.043669 0.056926 0.017268 0.012278 -0.169542 -0.011683 0.041056 0.101065 -0.040726 0.026573 -0.020541 0.035596 0.101892 -0.067004 -0.024909 0.031878 0.009957 0.077830 -0.045529 0.018990 0.095783 -0.052187 0.054651 -0.025714 -0.016313 -0.142336 0.073937 0.093330 -0.015010 0.055867 -0.005516 0.006046 0.025925 -0.104443 -0.055026 -0.028151 -0.018570 -0.034653 -0.105687 -0.047059 0.059967 -0.007154 0.010282 -0.096321 -0.017371 0.083939 0.008103 0.027756 0.048267 -0.018261 -0.067262 0.022255 0.076069 0.016703 -0.023842 0.020341 0.023337 -0.019867 -0.017718 0.021938 -0.067506 -0.065660 0.018047 -0.050373 -0.071874 -0.044486 -0.048484 -0.044151 0.134386 0.046021 0.070140 -0.003447 -0.025271 -0.040018 0.079658 0.043350 -0.013042 -0.016040 0.003727 -0.007083 -0.064788 -0.008503 0.091019 0.024793 -0.105618 -0.010124 -0.013701 -0.093282 -0.049935 -0.007218 0.092934 0.108592 0.000097 -0.098819 0.006644 -0.200267 -0.017244 0.153058 0.082781 0.009654 0.181181 -0.036927 -0.131441 0.002254 0.002535 0.010644 0.136900 0.035228 0.006402 -0.062314 0.068426 -0.020516 -0.082236 0.008855 -0.004700 0.081697 -0.023098 -0.147999 -0.008257 -0.008806 0.055477 -0.051749 0.053809 -0.047591 -0.010956 -0.048755 -0.032986 0.142274 -0.172539 -0.002100 -0.047562 0.067590 0.025100 0.045339 -0.065655 0.072256 -0.056188 0.065674 0.045618 0.008427 -0.021003 0.039903 0.006012 -0.058822 -0.003819 0.058689 -0.027585 -0.012151 0.018504 0.000539 0.002484 0.046027 0.003060 0.041697 -0.049286 -0.045830 0.035988 -0.026723 0.071392 0.023826 0.044188 0.070396 -0.120656 0.005390 0.029293 0.096334 -0.027700 0.001418 0.055968 -0.056301 0.068334 -0.020680 -0.045736 -0.030462 -0.016016 0.028818 0.073043 -0.087774 -0.013861 -0.042049 0.045190 0.023056 0.071942 -0.043050 -0.041210 0.049787 -0.041853 -0.063901 -0.018022 0.046267 0.068101 -0.023611 0.191393 -0.049601 -0.060649 -0.114210 -0.059905 0.039269 -0.048355 -0.019666 0.016321 0.108959 -0.014271 -0.070401 -0.006093 -0.049536

feature point 5
92 98
descriptor 5
-0.003005 -0.015477 -0.036517 0.015211 0.037692 -0.153222 0.024020 -0.065088 -0.012336 -0.036285 0.005941 -0.047240 0.097513 0.027905 0.020684 0.069002 0.062003 0.059107 -0.036708 0.114955 0.071421 0.019746 -0.119030 -0.073106 0.040784 -0.004252 -0.005907 0.000106 0.040038 0.008368 0.070203 -0.005515 -0.076818 0.077381 0.065382 -0.175979 -0.067054 0.009441 -0.005562 -0.070154 -0.004319 0.021384 0.020837 0.078700 -0.012206 0.045509 -0.009998 -0.084452 0.000506 0.004151 0.006753 -0.047244 0.009320 0.008674 -0.089755 0.035523 -0.012667 0.154086 -0.018981 -0.020807 -0.014253 0.060571 0.082141 -0.016394 -0.021628 0.009319 -0.064170 0.084059 -0.073988 -0.013481 0.036705 -0.044929 0.046702 -0.030045 0.080397 -0.085176 0.008470 0.049994 0.015497 -0.036324 -0.051958 -0.023902 0.044824 -0.090622 -0.020750 0.007539 0.016679 -0.036090 -0.089739 -0.033542 0.058088 -0.044520 0.004561 -0.087042 -0.074407 0.043049 -0.013980 -0.056822 0.049957 -0.082894 0.010325 -0.006943 0.124613 0.050558 -0.018579 -0.007637 0.026286 0.042186 -0.050197 0.052066 -0.068267 -0.023675 0.065618 -0.014352 -0.063303 -0.084617 -0.027496 -0.065099 0.139365 0.014857 -0.000208 0.018951 -0.071005 0.050390 0.046252 0.050798 -0.036731 0.009280 0.034850 -0.047246 0.001292 0.005910 0.109021 -0.000707 -0.092018 -0.043874 -0.051973 -0.055435 0.005743 -0.079609 0.066528 0.074320 -0.059987 -0.123126 0.075637 -0.156242 -0.057731 0.071378 0.037535 0.070803 0.215349 0.008511 -0.027163 -0.010213 -0.080383 -0.044843 0.160039 0.087741 0.036198 0.005897 0.046326 0.006452 -0.086835 -0.063599 0.070859 0.032413 0.011714 -0.122392 -0.050157 -0.039499 0.087235 -0.033628 0.034887 -0.030114 -0.068995 -0.082670 0.018712 0.064280 -0.122764 -0.001600 0.029811 0.073717 0.093114 0.038554 -0.067172 0.073518 -0.022395 0.074621 -0.058378 -0.007382 -0.020474 0.027986 -0.030588 -0.057377 0.012096 0.040238 -0.034605 -0.019455 -0.052037 -0.031597 0.007135 0.034203 -0.085412 -0.027581 -0.086955 -0.052249 0.073118 -0.028699 0.065500 -0.006867 0.113283 0.061662 -0.133852 0.113118 0.013128 0.031809 -0.007943 0.015191 0.034862 -0.038976 0.077998 -0.071022 -0.031996 -0.038562 -0.005468 0.041301 0.059442 -0.081526 -0.001154 -0.030888 0.080272 -0.027949 0.154490 -0.014325 -0.088180 0.023232 -0.093653 -0.100283 -0.074871 0.048578 0.045094 0.098047 0.159381 -0.062293 0.015125 -0.139635 -0.087782 0.008761 -0.044147 0.009234 0.018425 0.001654 -0.066193 -0.069575 -0.023807 -0.035440

middle

feature point 1
76 74
descriptor 1
-0.006457 -0.048202 -0.099875 0.123722 0.047097 -0.082723 0.017650 0.039378 0.072552 0.049252 -0.070206 -0.096870 0.128543 -0.103928 -0.008396 -0.105137 0.037570 -0.097845 0.034942 0.041818 -0.007373 -0.038745 0.103588 -0.072516 0.050817 -0.041862 0.034410 -0.122039 -0.021043 -0.029571 -0.042726 -0.046064 -0.130908 -0.055140 -0.008649 0.036319 -0.081890 0.078257 0.025353 -0.102149 0.008551 -0.038531 0.143443 0.097329 -0.031223 -0.008366 0.056109 0.081738 0.003427 0.032369 0.023726 -0.061451 0.013553 0.087268 -0.008414 -0.018290 -0.027731 -0.004027 0.081863 -0.024505 0.013836 -0.071383 0.011610 0.072100 0.115489 -0.021872 -0.028187 0.038139 -0.012375 -0.086179 -0.006936 -0.024220 -0.023836 -0.028876 -0.011291 -0.077070 0.022980 -0.002983 0.048118 0.018785 0.030529 -0.023442 0.075855 0.105711 -0.023398 -0.023532 -0.017898 -0.030797 -0.121675 0.038171 0.012804 0.089323 -0.033070 -0.045410 0.038816 0.021401 -0.043365 0.056345 -0.065649 0.005342 -0.026089 0.022321 0.005100 -0.066933 -0.042165 -0.070852 0.118082 -0.099411 0.226666 0.032325 -0.067194 -0.063657 -0.020140 0.004333 -0.066854 -0.006643 0.039946 -0.015416 0.021303 -0.022141 0.052475 -0.070896 0.103883 0.100651 -0.022079 0.041519 -0.081433 0.084483 0.012808 -0.009080 0.088700 0.018109 -0.053450 0.025283 -0.031417 0.069471 -0.122892 -0.070868 -0.021636 -0.005435 0.041584 0.002372 -0.038006 0.000898 -0.140269 -0.003375 0.076403 0.021421 0.039746 -0.021400 -0.011899 0.085043 -0.068201 0.153237 -0.050916 -0.000602 0.073798 0.002689 0.036139 0.028393 0.006817 -0.061896 -0.106264 -0.006381 -0.061175 -0.037356 -0.029358 -0.089194 0.078088 -0.010757 0.054418 -0.076715 0.001601 0.009509 -0.104450 -0.103238 -0.004937 0.063379 0.043461 0.066359 0.046636 0.001881 0.097413 -0.006899 0.026015 0.003520 -0.022838 -0.071159 -0.062282 0.153009 0.031821 -0.077614 0.040952 -0.007455 -0.064852 0.007320 -0.045212 -0.022035 0.084456 -0.021893 -0.021013 0.022463 -0.010784 0.048514 -0.019962 0.045585 0.030898 0.106343 -0.108822 0.015396 -0.068601 -0.033791 -0.095398 0.057842 0.012954 -0.027459 -0.021118 0.023969 0.152219 -0.056460 0.004534 -0.008539 -0.026398 0.008504 -0.056417 -0.021365 -0.125720 -0.079567 0.086707 -0.043361 0.061036 0.016860 0.100639 0.097338 -0.012114 0.053573 -0.003388 -0.002255 -0.077256 0.000912 -0.072018 0.043030 0.041319 0.062601 -0.002051 0.036113 -0.081322 0.126800 0.019595 -0.059087 0.056193 -0.072534 -0.034579 -0.152077 0.019210 0.011805

feature point 2
60 73
descriptor 2
-0.007318 -0.064538 -0.100239 0.172493 -0.004380 -0.058629 -0.021324 0.055067 0.057136 0.017404 -0.027296 -0.080621 0.072513 -0.091985 -0.020805 -0.097401 0.065304 -0.115033 0.048717 0.031243 -0.019698 0.018888 0.145994 -0.077098 0.038324 -0.047800 0.050381 -0.059953 -0.031714 -0.016018 -0.040580 -0.092471 -0.111905 -0.085364 0.038685 -0.002361 -0.080331 0.062151 0.037564 -0.089667 0.006866 -0.026916 0.130374 0.047445 -0.024213 -0.012534 0.055122 0.064078 -0.012787 0.044920 0.023099 -0.051530 0.020560 0.073492 0.029965 -0.003536 0.010412 -0.020875 0.056988 -0.074390 0.020090 -0.012358 0.016160 0.064881 0.127563 0.002205 -0.002268 0.023619 -0.008654 -0.014203 -0.020895 -0.044144 -0.035005 -0.053859 -0.027224 -0.081229 0.006175 -0.027526 0.079800 -0.025224 -0.022086 -0.035108 0.041203 0.075498 -0.034725 -0.088747 0.039968 0.023976 -0.136743 0.074800 0.058971 0.092415 0.014423 -0.043183 0.080480 0.024432 -0.091693 0.080286 -0.049834 0.015094 0.029065 0.090489 0.004846 -0.032405 -0.045917 -0.052379 0.111740 -0.077417 0.257945 0.044153 -0.103193 -0.033035 -0.062894 0.007086 -0.038329 0.066992 0.043270 -0.013591 -0.043478 -0.076572 0.040247 -0.076055 0.074790 0.039214 -0.029536 0.019613 -0.089428 0.044986 -0.013537 0.030616 0.062830 0.007098 -0.047548 0.085230 -0.053019 0.167096 -0.108142 -0.053744 -0.040814 0.000627 -0.029427 0.049743 -0.023884 0.031353 -0.073182 0.016452 0.074596 -0.020670 0.004978 -0.002017 -0.025539 0.030215 0.024292 0.086996 -0.017320 0.023947 0.008074 -0.022763 -0.037091 0.037222 -0.010950 -0.046587 -0.068307 0.069277 -0.025355 -0.010921 -0.032419 -0.058768 0.060692 -0.019380 0.039158 -0.088087 0.013325 -0.002326 -0.096626 -0.091168 -0.000262 0.100638 -0.024204 0.058196 -0.000464 0.034993 0.046452 0.004797 0.008270 0.031741 0.031171 -0.067381 -0.039728 0.136780 0.063659 -0.109365 -0.036884 0.008222 -0.039068 0.001907 -0.062300 -0.014716 0.081015 0.002656 -0.048898 -0.059190 -0.035581 0.011349 -0.033534 0.056835 0.045335 0.050952 -0.108463 0.019036 -0.074080 -0.033320 -0.103579 0.064285 -0.007137 -0.055530 0.038209 0.023072 0.127779 -0.037775 0.068795 -0.024776 -0.009075 -0.075678 -0.065924 -0.095785 -0.094286 -0.117543 0.043507 -0.046900 0.055880 0.033703 0.090982 0.097044 -0.002269 -0.004076 -0.051843 0.051986 0.002136 0.029280 -0.048402 0.059887 0.010068 0.046446 0.080307 0.054435 -0.119568 0.190964 -0.023114 -0.086296 0.044857 -0.050993 -0.013341 -0.131902 0.016557 0.043872

feature point 3
46 86
descriptor 3
-0.073870 -0.043405 0.037522 0.087065 0.074024 0.053954 0.001380 0.127205 0.075709 -0.018596 -0.128488 -0.048750 -0.117345 -0.011369 0.046841 -0.011839 -0.017187 0.043894 -0.005054 0.067328 0.011213 -0.001377 0.074428 0.033892 -0.037147 0.023506 0.024009 -0.095995 0.106801 -0.010153 0.074877 0.066655 0.006097 -0.120000 0.009780 0.054649 -0.007426 0.003575 -0.044049 -0.011199 0.061886 -0.058619 0.116610 0.079155 -0.036137 0.012999 0.050488 -0.033793 0.003321 0.080599 0.074214 0.027731 -0.063744 0.023928 0.079453 -0.071663 0.071662 0.015151 0.031529 0.008949 0.084440 0.065975 -0.010313 0.059691 0.026747 -0.037360 -0.014882 0.030387 -0.048874 -0.118630 0.044398 -0.026841 0.001935 -0.059638 -0.010238 0.017611 0.030216 -0.028925 0.107993 0.003515 0.051721 -0.007347 0.005963 0.069815 -0.005820 -0.004574 -0.020397 0.085877 -0.135914 0.016387 0.047675 -0.015178 -0.035809 -0.006160 0.059438 0.010721 -0.090570 0.088324 -0.030331 0.021768 -0.039512 0.022856 0.022312 0.036435 0.012358 0.061816 -0.044135 0.123648 0.116776 0.020996 -0.099873 0.000414 -0.092303 -0.084287 0.075166 0.030257 0.069904 -0.054148 0.085484 -0.011354 -0.007064 0.052631 0.011291 -0.060987 -0.098089 -0.017315 0.051623 -0.081556 -0.036054 -0.001153 0.052633 0.052142 0.063780 -0.010936 -0.073916 0.012177 -0.046098 -0.080798 0.005967 -0.061422 -0.045121 0.046743 -0.063014 -0.035420 0.063244 -0.006546 0.016351 0.031742 0.116013 -0.076820 -0.001869 -0.037716 0.041613 -0.032756 0.072130 0.060803 -0.055121 0.154519 -0.126178 0.053571 -0.025922 0.044733 -0.029367 0.060456 0.065688 0.014838 0.032536 -0.024320 0.072657 0.050756 -0.055153 0.033590 -0.059567 0.042866 -0.067385 -0.029445 -0.028979 0.035752 -0.056985 -0.005963 0.045510 -0.010221 -0.115497 0.054788 -0.105472 0.029574 0.084663 -0.018372 -0.154322 -0.050862 0.004075 -0.117075 -0.064986 -0.046522 -0.015580 0.009009 0.009540 -0.018978 0.026916 0.068447 -0.058509 -0.091819 -0.035186 0.071035 0.012711 -0.060747 0.060634 -0.054910 -0.058556 -0.043883 0.000795 -0.028563 -0.139648 -0.109585 0.003563 -0.110490 0.051573 0.058457 0.079988 0.044057 0.144041 -0.045826 -0.000031 -0.001097 0.046344 -0.081636 -0.052704 -0.095310 0.126762 0.124470 -0.011997 -0.129017 -0.013683 0.093187 -0.029315 0.090398 -0.070374 -0.053748 -0.053859 0.060415 -0.072365 0.053840 -0.054969 0.040582 0.088765 0.111492 -0.120269 0.062980 -0.006904 0.056829 0.093890 0.045132 0.000586 -0.084404 -0.047134 0.103324

feature point 4
59 110
descriptor 4
-0.081576 -0.037360 -0.029563 0.136683 0.065971 -0.020306 -0.069462 0.010301 0.021678 -0.044716 -0.055267 0.094723 -0.095390 0.001156 -0.078639 0.032552 0.011554 0.084590 -0.027917 -0.039084 0.073628 0.062483 -0.039107 0.075095 -0.007134 0.008038 0.035497 0.104504 -0.050489 0.048942 -0.070790 0.001724 -0.157162 0.029227 0.051157 -0.112573 -0.016097 -0.020281 -0.091276 -0.046421 -0.069674 0.031198 0.012861 0.054698 0.087653 0.042173 0.058068 -0.082735 0.036129 0.013422 0.006948 0.101291 0.029525 -0.021351 -0.114701 -0.031585 0.076806 0.134840 -0.036137 0.035306 0.009794 0.069968 0.067132 -0.090769 -0.011242 -0.012850 0.022571 0.040713 -0.050337 0.053635 0.159896 -0.024860 0.067101 -0.095354 0.008027 -0.113982 0.101673 0.048048 -0.027715 0.030670 0.014998 -0.037095 -0.030023 0.004622 -0.033632 -0.107912 -0.026130 0.005753 -0.101887 -0.012136 0.018072 0.016997 0.068823 -0.123637 0.030852 0.054667 -0.015882 -0.006919 0.080634 -0.059625 -0.032659 -0.037141 0.035735 0.030715 0.057796 0.056539 0.047328 -0.019694 -0.043366 0.007524 -0.050402 -0.068252 0.000436 -0.107609 -0.070744 0.072859 -0.086896 -0.035065 -0.002772 0.074012 0.104675 -0.040274 -0.000977 -0.106662 0.081486 0.031700 -0.025532 -0.030723 -0.011751 0.079232 -0.100776 0.003052 0.087476 0.046848 -0.086630 0.013860 0.008949 -0.089997 -0.007693 0.071298 0.042235 0.102218 -0.058691 0.001892 -0.023191 -0.072198 -0.026431 0.145603 0.086800 -0.042745 0.028565 -0.071152 -0.035002 0.014869 0.049680 0.033909 0.107452 -0.018179 -0.077908 -0.149975 0.022753 0.025987 -0.023942 0.077411 -0.023422 0.094814 -0.062970 -0.134904 0.019556 0.046160 0.021552 -0.056173 -0.003503 -0.063080 0.043587 0.019416 -0.018532 0.186862 -0.154773 -0.016987 -0.035470 0.063135 -0.051643 0.049028 -0.066727 0.032477 -0.030787 -0.004349 0.092932 -0.017659 0.058463 -0.015024 -0.022352 -0.101157 -0.011454 0.004419 0.008349 0.087255 0.003379 0.033080 0.010390 0.024915 -0.003680 0.033205 -0.094484 -0.038145 -0.043799 -0.031296 0.022941 0.039236 0.006111 0.121095 -0.134870 -0.050673 -0.006030 0.102930 0.007093 0.032197 0.066215 0.043362 0.090939 0.043367 -0.038755 -0.017961 0.034614 -0.010343 0.077660 -0.071216 0.016387 0.044595 -0.007606 0.005500 0.057695 -0.035684 0.004154 -0.049979 -0.031266 -0.041523 0.063292 -0.006399 0.003023 -0.017867 0.181178 -0.073276 -0.047460 -0.005903 0.007831 0.073848 -0.019489 -0.062555 0.045581 0.104707 -0.054886 -0.053736 -0.098058 -0.000386

feature point 5
70 110
descriptor 5
-0.033607 -0.080726 -0.015871 0.059581 0.126374 -0.148461 0.057944 -0.076131 -0.017972 -0.013066 0.030538 -0.056453 -0.012310 0.016363 -0.033882 0.053879 0.058639 0.096337 -0.021966 0.047827 0.081305 0.014175 -0.089054 -0.007391 0.013395 0.023871 0.037063 -0.011346 0.050833 0.022139 -0.015303 -0.020164 -0.091161 0.052857 0.079664 -0.158285 -0.003268 -0.003676 0.012245 -0.080636 -0.035198 0.027139 0.043758 0.030941 -0.016612 0.072635 0.043047 -0.136497 0.104161 0.038450 0.025384 0.051535 0.042600 -0.018261 -0.074252 0.017589 0.002921 0.126932 -0.096110 -0.017328 -0.003504 0.058037 0.065984 0.009048 -0.008077 -0.002452 -0.040451 0.085404 -0.012892 0.025019 0.096915 -0.051711 0.048276 -0.100392 0.026067 -0.022252 0.025000 0.064497 -0.018131 0.011650 -0.000014 -0.041783 -0.084182 -0.015101 0.017217 -0.058324 -0.091506 -0.030805 -0.083013 -0.042758 0.101214 -0.045410 0.036223 -0.085372 -0.041212 -0.011879 -0.014302 0.007947 0.100785 -0.067029 0.025203 -0.026198 0.106737 -0.004693 0.047049 -0.001035 0.048721 0.038692 -0.031666 0.090538 -0.064882 -0.027658 0.066170 -0.036062 -0.022826 0.008716 -0.007316 -0.023154 0.052771 0.030497 0.096447 -0.021834 -0.024502 0.010750 -0.057465 0.089181 -0.079236 -0.036550 -0.042449 -0.062920 -0.002268 0.044076 0.112293 0.023856 -0.136634 -0.025607 0.004760 -0.084688 0.010472 -0.014949 0.029621 0.090025 -0.115016 -0.036091 0.073496 -0.126526 -0.054206 0.105741 0.130209 0.010866 0.163119 -0.036059 0.005516 -0.002801 -0.027615 -0.059874 0.121240 0.041899 -0.057305 -0.055900 0.001472 0.003658 -0.068003 -0.051391 0.026632 0.044592 0.047527 -0.116481 -0.060093 0.022550 0.044847 -0.007442 0.060281 -0.108578 -0.017501 -0.096505 -0.038336 0.089815 -0.148769 -0.007851 0.034286 0.019987 -0.036524 0.036575 -0.024138 0.067318 0.020898 0.000752 0.024354 0.029396 0.029569 -0.039048 -0.098908 -0.109490 -0.007349 -0.001401 -0.013307 -0.025403 -0.004707 -0.065793 -0.046065 0.021237 0.016732 0.047261 -0.061134 -0.141418 0.100388 -0.008423 0.038085 0.057932 0.089333 0.080962 -0.224234 0.012341 -0.003612 0.069184 -0.045557 -0.013534 0.073665 0.017674 0.150355 0.003175 -0.023830 -0.058062 0.000959 0.000379 0.021319 -0.095360 0.073330 0.002084 0.027889 0.054024 0.099397 -0.000557 -0.073926 0.030811 -0.118837 -0.073963 -0.039898 0.019968 -0.015518 0.040334 0.130773 -0.100903 -0.039776 -0.034461 -0.076278 0.058750 -0.023571 0.030914 0.057404 -0.014100 -0.004240 -0.081647 -0.099217 -0.032484

right

feature point 1
86 45
descriptor 1
-0.030155 -0.029082 -0.083220 0.145939 0.058946 -0.049206 -0.011235 0.055672 0.063433 0.013010 -0.060975 -0.001275 0.088776 -0.133201 -0.073329 -0.071378 0.001156 -0.054076 0.066910 -0.009508 -0.030658 -0.022995 0.127865 -0.051755 0.051681 -0.043844 0.032926 -0.028948 -0.032517 -0.027257 -0.042733 -0.043825 -0.139676 -0.027342 0.021604 0.007650 -0.102937 0.068236 -0.008679 -0.072584 -0.000825 -0.020297 0.080076 0.096630 -0.041844 -0.017720 0.061554 0.117230 0.002736 -0.005574 0.053107 -0.042480 0.035081 -0.005682 -0.027465 -0.041686 0.014759 -0.011728 0.043391 0.008458 0.036453 -0.113047 0.044977 0.031215 0.167073 -0.029378 0.029807 0.047925 0.007151 -0.055574 0.047005 -0.041885 -0.029691 -0.046841 -0.083543 -0.070034 0.018342 -0.030704 0.076004 0.027627 0.027868 0.015465 0.077192 0.125785 0.007800 -0.056870 -0.057534 0.001719 -0.141789 0.056410 0.040642 0.091412 0.030383 -0.064164 0.044804 0.056729 -0.048599 0.109878 -0.032683 0.004322 -0.054865 0.014878 0.036415 -0.075557 -0.012352 -0.075408 0.095434 -0.100714 0.174561 -0.010276 -0.001371 -0.092349 -0.033312 0.052240 -0.094157 -0.008778 0.069692 -0.035167 0.039656 -0.065643 0.023922 -0.018539 0.109122 0.012462 0.035833 0.059501 -0.095130 0.083665 0.023740 0.005626 0.053277 -0.007806 -0.027292 -0.011014 -0.032401 0.058251 -0.109868 -0.070366 -0.046027 0.042506 0.014086 -0.007830 -0.020684 -0.001052 -0.153894 -0.015049 0.060440 0.010398 0.042351 -0.028388 -0.039518 0.068961 -0.056892 0.149402 -0.010446 0.030972 0.084679 -0.032708 -0.024324 -0.035114 -0.045059 -0.053516 -0.092049 -0.019610 -0.048333 -0.010782 -0.048863 -0.099274 0.103132 0.001308 0.095715 -0.122513 -0.039340 0.038789 -0.082442 -0.117071 -0.040244 0.078517 -0.013361 0.072512 0.030356 0.006298 0.071527 0.004845 0.018253 0.029677 0.026203 -0.050024 -0.028746 0.155900 0.005939 -0.072371 0.040965 -0.032008 -0.046237 0.012905 -0.068785 -0.013432 0.094762 -0.015377 -0.068056 0.035325 0.030018 0.039741 0.005388 -0.003308 0.017725 0.085153 -0.136459 -0.008272 -0.080853 -0.016055 -0.100141 0.001630 0.004207 0.007669 -0.049867 0.023638 0.108035 -0.089816 0.044756 -0.001866 -0.042707 0.002909 -0.052033 -0.011478 -0.122506 -0.105320 0.083120 -0.047079 0.034582 0.014359 0.052445 0.071780 -0.037647 0.053944 -0.011777 -0.017855 -0.068365 0.054966 -0.064518 -0.000813 0.040755 0.025381 -0.039413 0.023594 -0.093093 0.177911 -0.014412 -0.020367 0.120329 -0.058778 0.015995 -0.127886 0.007063 -0.050288

feature point 2
70 42
descriptor 2
-0.008738 -0.012961 -0.086343 0.127148 0.002607 -0.045067 -0.042966 0.055786 0.098913 0.028178 -0.050293 -0.035472 0.100554 -0.117265 0.005208 -0.098461 0.037042 -0.111293 0.018250 0.028909 -0.050620 0.033799 0.149677 -0.109700 0.047611 -0.025590 0.061354 -0.079821 -0.022806 -0.015087 -0.065567 -0.082901 -0.098067 -0.050924 0.033586 0.003579 -0.073644 0.057930 0.003523 -0.059571 -0.003314 -0.025962 0.085992 0.075860 -0.027059 -0.023354 0.013825 0.138337 -0.019448 0.001034 0.039661 -0.038161 0.034490 0.021584 0.014812 -0.014047 0.041339 -0.083333 0.028068 -0.070726 0.067735 -0.103698 0.024207 0.070421 0.106506 0.053820 -0.010926 0.011000 0.002918 -0.075426 0.012429 -0.043948 0.032749 -0.048854 -0.063044 -0.064562 0.002163 -0.037686 0.076847 0.038442 -0.011329 0.063621 0.089134 0.111512 -0.066662 -0.063266 -0.030376 0.011791 -0.128465 0.074977 0.090102 0.115736 -0.030308 -0.028936 0.083766 0.043376 -0.088948 0.106042 -0.050182 0.020323 0.018840 0.045978 0.025349 -0.046999 -0.009044 -0.036099 0.094083 -0.064550 0.244541 0.042465 -0.054819 -0.048430 -0.105993 0.032609 -0.073522 0.042894 0.082059 -0.015509 0.011564 -0.082890 -0.000617 -0.053981 0.107328 0.022565 0.016224 0.045752 -0.032720 0.081265 -0.015828 0.035130 0.071220 -0.000236 -0.063410 0.048315 -0.046116 0.078831 -0.111161 -0.062112 -0.066620 0.011773 -0.050825 -0.012213 0.030757 0.013226 -0.103737 -0.037220 0.061605 -0.034254 0.043746 -0.012079 -0.019978 0.036928 -0.006946 0.128445 -0.022134 0.014374 -0.035535 0.014039 -0.031551 0.039346 -0.021710 -0.024428 -0.058637 0.028118 -0.011015 -0.029702 -0.023626 -0.067798 0.091918 -0.008237 0.056739 -0.043621 -0.017960 0.013946 -0.081695 -0.123548 0.006138 0.074188 -0.004970 0.068245 0.015345 0.000089 0.095542 0.001786 -0.022861 0.042587 0.046868 -0.024719 -0.061635 0.124087 0.009233 -0.071802 -0.049217 0.018956 -0.064223 0.051710 -0.065913 -0.057838 0.132733 0.024016 -0.019280 -0.030613 -0.003686 -0.004592 -0.015073 0.017458 0.045172 0.060049 -0.055117 -0.001779 -0.067776 -0.011747 -0.084144 0.000798 -0.004811 -0.080680 0.032988 0.012742 0.081735 -0.093422 0.051947 -0.009097 0.009138 -0.029858 -0.082539 -0.069513 -0.145551 -0.101725 0.024777 -0.025649 0.084769 0.001997 0.052369 0.109669 0.002325 0.045573 -0.038639 0.018820 0.010383 0.089085 -0.048569 -0.038090 0.018607 0.039609 0.056111 0.031328 -0.159104 0.178579 -0.027514 -0.071193 0.060631 -0.037165 -0.018946 -0.110125 0.074043 0.004849

feature point 3
56 54
descriptor 3
-0.014548 -0.096231 0.025589 0.087150 0.103858 0.033708 0.009149 0.117787 0.021250 -0.006143 -0.166917 -0.102412 -0.056236 -0.002698 0.014637 -0.041967 -0.006905 0.035789 0.031728 0.049225 -0.020872 -0.051433 0.065434 0.051870 -0.054795 0.019981 -0.021749 -0.083277 0.108840 -0.009007 0.017339 0.091608 0.001232 -0.104349 0.001441 0.047206 -0.030636 0.076048 -0.022931 0.036662 0.060921 -0.082326 0.133099 0.063089 -0.018243 -0.015292 0.043475 -0.038914 -0.035132 0.096917 0.070082 0.026904 -0.042928 0.084364 0.062293 -0.083145 0.032537 -0.024847 0.032818 -0.013287 0.033570 0.005524 -0.017474 0.135779 0.081279 -0.072775 -0.034668 0.052479 0.022636 -0.185103 0.043188 -0.023344 -0.044195 -0.038221 -0.034973 -0.018727 0.041357 -0.019582 0.113095 -0.034136 0.037046 0.020947 0.011233 0.045730 -0.045095 -0.008972 -0.038184 0.038292 -0.173321 0.032867 0.059006 0.062744 -0.025285 -0.013665 0.034706 0.022078 -0.045218 0.111165 -0.067313 0.006323 -0.043672 -0.021749 0.047561 -0.021925 0.008661 0.009358 0.002399 0.068944 0.144183 0.024983 -0.042462 -0.032818 -0.021321 -0.026511 0.069043 -0.013608 0.087703 -0.052782 0.080655 -0.043572 0.030297 0.063892 0.042063 -0.008352 -0.124783 0.005385 0.004585 -0.023565 -0.001204 -0.035934 0.119952 0.066331 0.056041 -0.014926 -0.033083 0.023422 -0.090839 -0.058040 0.011411 -0.082574 0.006247 0.026941 0.017009 -0.041645 0.011068 0.021653 0.081682 0.002578 0.096002 -0.071209 -0.016908 0.032811 -0.030582 -0.006397 0.077092 0.036069 -0.027297 0.163786 -0.056364 0.043008 0.007864 0.005608 -0.041525 0.059998 0.024964 -0.019290 0.018399 -0.031606 0.053064 0.079862 -0.060446 -0.031492 -0.052915 0.056475 -0.117342 -0.053969 -0.012326 0.032656 -0.000732 0.016937 0.065304 -0.015769 -0.062054 0.014885 -0.092876 0.047358 0.116250 -0.092133 -0.126188 0.038313 0.012328 -0.101022 -0.006534 -0.031131 -0.040032 0.002277 0.024679 -0.076021 0.060787 0.005072 -0.074073 -0.025588 -0.032929 0.077054 0.064410 -0.023928 0.008814 -0.067737 -0.055288 -0.031289 -0.030278 -0.050885 -0.103596 -0.104986 0.013408 -0.088103 0.044752 0.083746 0.113840 0.011285 0.085179 -0.029803 -0.003108 -0.032159 -0.013262 -0.034940 -0.138280 -0.091809 0.159719 0.064177 -0.003875 -0.045152 -0.015019 0.105222 -0.059340 0.108454 -0.083450 0.023918 -0.084603 0.066712 -0.082285 0.056862 -0.106572 0.035474 0.131713 0.058897 -0.096128 0.096724 0.058024 0.043276 0.053207 -0.010025 0.005499 -0.125711 -0.009399 0.049952

feature point 4
60 77
descriptor 4
-0.132726 -0.056317 -0.031941 0.057921 0.047238 0.041963 -0.076038 0.023150 -0.021627 -0.081891 -0.035970 -0.003686 -0.158089 -0.056218 -0.058093 -0.008471 -0.048823 0.015114 -0.031700 -0.063392 0.066544 0.112250 -0.077031 0.083110 -0.031204 0.042204 0.030039 -0.001586 -0.023668 0.081127 -0.104242 0.045366 -0.115918 -0.021162 0.040084 -0.074590 -0.038944 0.015335 0.029138 0.020069 -0.050813 -0.058946 -0.004686 0.067830 -0.076096 0.056565 0.037023 -0.125828 0.034774 -0.050706 0.067113 0.138928 0.029366 -0.011242 -0.034670 -0.067923 0.081172 0.077244 -0.043028 0.051803 -0.020974 -0.023999 -0.036949 -0.046191 0.083593 -0.043799 0.052363 0.049804 0.036678 0.043712 0.182318 -0.035102 0.035488 -0.071738 0.072418 0.004168 0.067082 0.032499 -0.012619 0.006896 0.008456 -0.009000 -0.130010 0.032007 -0.038716 -0.044886 -0.046963 -0.015630 -0.111738 0.054742 0.024075 0.018392 0.020967 -0.106262 0.072449 0.019473 -0.007869 0.009397 0.110047 -0.086354 0.060121 -0.050706 0.133970 0.048819 0.076727 0.011956 0.024973 0.037362 -0.047060 -0.002152 -0.004281 -0.067272 0.051420 -0.100486 -0.079371 0.046913 0.031158 0.002381 -0.081537 0.050040 0.107834 -0.023273 0.083656 -0.049976 0.012660 0.080040 -0.138928 -0.012736 -0.064862 0.051236 -0.031504 0.049759 0.047959 -0.037487 -0.065395 0.008026 0.011693 -0.077009 -0.009869 0.042210 0.037048 0.044283 -0.083553 0.050597 0.026220 0.019560 0.024166 0.042811 0.149657 -0.020926 -0.016483 -0.074509 -0.030063 0.053155 0.132808 -0.013316 0.082519 -0.021652 -0.040558 -0.124095 0.072906 0.094116 -0.032101 -0.002633 -0.047283 0.047338 0.008713 -0.129269 -0.031633 0.114595 0.056652 -0.051348 0.045243 -0.105174 0.069821 0.075932 -0.018868 0.153039 -0.072429 -0.023371 -0.013854 0.017075 -0.082486 0.045462 -0.018702 0.039486 -0.043513 -0.087796 0.009229 0.039245 0.040776 -0.046883 -0.052163 -0.060307 -0.086087 0.004416 0.000076 0.086867 0.040585 -0.046923 -0.001368 0.035959 0.027418 0.005213 -0.105944 -0.076506 -0.011387 -0.019422 0.017459 0.027272 -0.005885 0.028558 -0.116514 -0.149414 0.070825 0.072038 0.021029 -0.003426 0.018922 0.087653 0.090546 0.140286 -0.042618 -0.060626 0.044895 0.038457 0.054299 -0.080600 0.006527 0.104848 0.023193 -0.036152 0.004342 -0.034483 -0.041388 0.025375 -0.114454 -0.006367 0.032557 -0.037429 -0.090079 -0.020843 0.044688 -0.104625 -0.011899 0.012238 -0.020513 0.048655 0.082637 -0.044236 0.078314 0.040946 -0.002858 -0.035575 -0.059839 0.008213

feature point 5
70 79
descriptor 5
-0.068817 -0.038835 -0.023923 0.070623 0.063719 -0.036995 -0.038047 -0.044219 0.016165 -0.020424 -0.010172 -0.035849 -0.069964 -0.034834 -0.021020 0.046919 0.024261 0.060408 -0.025629 -0.027562 0.060300 0.054728 -0.034600 0.068923 -0.019671 0.099187 0.006127 -0.012393 0.013639 0.056089 -0.125285 -0.045308 -0.103362 0.030387 0.068228 -0.136851 0.027702 0.033420 0.030614 0.003657 -0.020100 -0.020395 0.019155 0.017333 -0.003958 0.062977 0.053644 -0.123798 0.053380 0.069190 0.027395 0.155925 0.019402 -0.010695 -0.046991 -0.051341 0.027787 0.052185 -0.120873 0.091921 0.004327 0.006234 -0.028565 0.026295 0.076378 0.019967 0.076327 0.053566 0.069919 0.094829 0.159069 -0.086563 -0.025806 -0.067222 0.006958 0.056089 0.069556 0.071350 -0.024180 0.065141 0.009590 0.031717 -0.137550 0.045733 -0.014500 -0.030063 -0.069519 -0.033770 -0.081417 0.030636 0.053217 0.008422 0.077632 -0.059045 -0.013576 0.014645 -0.019642 0.037900 0.104007 -0.053671 0.041414 -0.037790 0.089323 0.029233 -0.008163 0.014752 0.075096 -0.034304 -0.021296 0.024788 -0.033965 -0.054026 0.110693 -0.070587 -0.049496 0.046542 0.012632 0.103979 -0.051115 0.022708 0.130883 -0.016499 0.018159 -0.068020 -0.034226 0.128251 -0.119641 -0.000704 -0.095587 -0.002803 -0.034659 0.067924 0.065835 0.041103 -0.135008 0.029968 0.019287 -0.088593 -0.017411 0.014107 0.050290 0.110591 -0.090945 0.041135 0.077282 -0.050884 0.032821 0.103844 0.158485 -0.030061 0.022306 -0.074497 -0.060025 0.017794 0.116569 -0.078364 0.067380 -0.001295 -0.008575 -0.082585 0.038141 0.014902 -0.008080 0.012431 -0.038536 0.087081 0.022264 -0.109469 -0.037885 0.053119 0.000582 -0.025998 0.049527 -0.099100 -0.002746 -0.036327 -0.065124 0.143297 -0.096320 0.009900 -0.045264 0.033366 -0.117292 0.009839 -0.015774 0.007917 0.014754 -0.067433 0.098833 0.066447 0.040052 0.008584 -0.115727 -0.041560 -0.035754 0.006059 -0.000313 0.011899 0.066606 -0.031728 -0.087626 0.003272 0.061161 0.043147 -0.062102 -0.076511 0.001381 -0.008404 0.015397 0.112015 0.017202 0.011251 -0.119272 -0.077963 0.056799 0.093436 0.006468 -0.050250 0.052086 0.062515 0.135012 0.156056 -0.033883 -0.108774 0.013081 -0.036715 0.048335 -0.065464 0.003251 0.028127 0.000965 0.080607 0.072429 -0.060181 -0.015587 0.017631 -0.136926 -0.035317 -0.015032 -0.023054 -0.065115 -0.040379 0.041327 -0.098643 -0.078274 -0.016018 -0.045851 0.056073 0.003585 0.001858 0.028463 0.066944 0.066373 -0.035353 -0.101894 0.020958 
