128 54
37 108
120 79
70 110
143 110
31 90
117 56
101 85
107 55
36 50
92 92
89 18
108 80
91 74
91 54
117 46
21 93
101 68
59 110
30 65
62 52
140 62
46 86
15 67
121 70
58 92
77 74
100 105
138 46
34 98
45 55
81 111
12 96
89 102
68 85
118 103
120 90
69 66
131 29
77 103
78 84
8 109
75 62
125 111
140 77
43 71
61 103
145 86
27 52
37 60
29 77
77 53
149 37
9 74
108 63
62 65
60 73
91 62
17 46
22 60
107 92
130 103
43 78
15 57
135 65
40 89
134 92
90 84
52 65
91 110
146 95
151 24
85 67
109 71
51 102
77 93
42 60
47 60
51 97
20 105
140 99
45 96
132 42
94 102
72 103
47 65
85 88
8 87
93 67
61 85
55 80
130 85
22 73
52 60
19 111
53 51
145 31
60 60
72 93
85 53
26 103
46 107
