22 59
31 90
128 55
20 93
142 111
36 108
69 111
117 57
108 81
57 91
36 50
91 75
29 65
76 54
89 19
80 111
14 67
27 52
119 80
140 63
116 48
32 98
90 93
138 47
60 53
136 79
117 104
131 31
78 67
117 90
120 71
62 66
149 38
106 93
143 87
43 87
37 60
135 94
107 55
100 86
129 86
84 103
27 38
93 54
85 67
94 68
75 74
45 55
131 104
108 72
46 65
58 110
28 77
57 73
67 85
50 101
92 103
145 96
100 106
9 72
124 111
75 93
84 87
131 44
8 109
72 104
17 47
85 53
44 78
92 86
52 65
60 103
46 60
59 61
68 65
50 84
68 53
12 95
99 68
36 77
107 64
151 26
43 72
140 38
55 80
78 87
67 99
61 85
24 102
135 70
107 104
147 70
77 82
18 111
44 96
19 104
57 66
20 79
91 61
79 103
