70 110
117 56
37 108
81 111
59 110
119 79
128 54
31 90
108 80
27 52
120 70
36 50
142 110
101 85
116 46
21 93
89 18
68 85
91 74
29 65
60 53
33 98
92 54
76 54
106 55
14 67
61 103
130 30
138 46
92 92
29 77
69 66
58 92
120 90
140 62
60 73
12 96
149 37
8 110
45 55
118 104
131 103
43 71
140 77
46 86
125 111
62 66
22 60
9 73
76 103
78 85
100 104
37 60
89 102
85 67
108 63
76 74
135 93
101 68
146 95
94 66
68 53
107 93
17 46
46 60
52 67
68 98
141 86
52 98
40 89
108 75
76 62
44 78
45 96
85 84
151 24
19 111
94 102
85 53
145 31
91 86
15 57
55 80
47 65
135 65
73 93
16 8
108 68
60 82
60 61
85 61
36 77
51 103
113 89
27 39
140 99
78 92
57 66
132 42
21 104
50 51
46 107
46 101
80 67
