37 56
51 21
70 79
45 107
124 73
28 44
102 48
79 82
27 57
60 77
122 40
139 78
145 85
67 60
42 23
10 15
47 87
150 13
78 95
51 30
27 79
75 23
83 64
91 25
67 71
128 23
110 62
82 74
119 84
35 67
98 67
44 65
70 42
9 102
145 43
90 76
145 53
56 54
35 30
113 43
86 45
106 27
103 99
16 86
41 36
8 59
149 68
123 100
138 15
114 69
119 59
96 40
138 63
141 110
25 70
100 79
80 36
38 73
55 41
128 61
113 18
63 89
10 51
121 31
37 89
24 97
9 71
131 82
65 33
130 51
134 102
64 94
137 47
21 22
103 60
23 15
93 57
77 54
148 75
29 37
111 75
90 37
38 44
60 34
137 91
49 74
102 35
17 58
119 50
140 34
71 53
120 109
87 57
74 68
106 40
17 42
49 55
125 48
31 91
64 22
70 33
85 36
133 42
24 37
69 47
49 45
113 37
58 68
82 55
93 85
11 87
111 55
95 76
97 34
