37 56
124 73
45 107
102 48
51 21
69 80
122 40
67 60
145 85
28 44
60 77
42 23
27 57
80 82
47 87
91 25
10 15
74 23
9 102
83 64
28 79
70 42
128 23
67 71
78 95
98 67
44 65
82 74
35 30
150 13
55 41
51 30
119 59
119 84
114 70
90 76
110 62
86 45
36 67
56 54
80 36
145 53
145 44
137 63
42 35
102 99
138 78
138 15
105 27
149 68
8 59
97 40
62 89
16 86
141 110
101 80
130 51
113 44
38 73
127 60
29 37
24 98
10 50
121 31
49 74
37 89
10 70
23 15
25 70
103 60
65 33
140 34
138 47
130 82
111 75
113 19
120 109
123 99
93 57
87 56
75 68
38 45
64 94
134 102
31 91
21 22
119 50
92 40
89 35
60 34
77 56
71 53
137 90
134 73
70 33
145 20
11 87
107 41
102 35
148 75
17 58
49 55
133 42
125 48
23 37
60 28
111 55
77 51
97 34
66 49
65 22
118 97
116 29
36 83
54 69
82 53
94 52
