37 56
28 44
124 73
45 107
145 85
42 23
70 79
67 60
79 82
102 48
60 77
122 40
51 21
51 30
113 43
98 66
27 57
67 71
35 67
70 42
10 15
47 87
74 23
9 102
128 23
28 79
119 84
138 78
78 95
81 74
83 64
145 53
86 45
114 69
105 27
55 41
90 24
110 61
11 50
90 75
140 109
138 16
34 31
56 54
41 36
15 86
80 36
119 58
102 99
44 65
150 12
145 43
137 62
123 100
9 70
24 98
101 80
62 89
127 60
94 85
49 74
113 18
121 31
96 40
149 68
8 59
21 22
64 94
93 57
137 47
129 50
65 33
28 37
111 75
131 83
37 45
134 102
37 88
38 73
22 14
23 37
33 19
103 60
31 91
90 37
106 40
87 56
25 70
102 35
145 19
136 90
17 42
17 58
139 35
77 52
71 53
74 68
119 50
60 34
65 22
70 31
120 109
49 55
85 36
148 75
58 68
115 97
111 55
60 28
134 73
94 50
37 83
66 49
83 51
76 57
133 42
